3.818418,0.2956594,-2.918981,-5.842936,-8.492945,-10.88507,-13.0347,-14.95658,-16.66484,-18.17157,-19.48788,-20.62639,-21.59914,-22.41762,-23.09273,-23.63489,-24.05395,-24.35929,-24.5598,-24.66515,-24.68489,-24.6263,-24.49624,-24.30119,-24.04726,-23.74021,-23.38545,-22.98807,-22.55286,-22.08463,-21.58805,-21.06696,-20.52492,-19.96528,-19.39114,-18.80538,-18.21067,-17.60947,-17.00407,-16.39507,-15.78248,-15.16841,-14.55476,-13.94333,-13.3357,-12.73336,-12.13762,-11.54967,-10.9706,-10.40306,-9.850143,-9.312199,-8.789509,-8.282294,-7.79071,-7.314856,-6.854778,-6.410475,-5.981902,-5.568192,-5.168212,-4.781983,-4.409487,-4.050667,-3.705434,-3.373669,-3.055223,-2.749922,-2.457571,-2.178753,-1.914273,-1.663698,-1.426595,-1.202528,-0.9910611,-0.7917596,-0.6041913,-0.4279272,-0.2625422,-0.1063193,0.04284009,0.1850482,0.3204276,0.44911,0.5712352,0.6869503,0.7964082,0.899767,0.9971893,1.088039,1.171444,1.247757,1.317323,1.380474,1.437535,1.488822,1.534637,1.575277,1.611025,1.64239,1.66994,1.693877,1.714396,1.731686,1.745931,1.757305,1.765979,1.772117,1.775875,1.776888,1.774633,1.769365,1.761328,1.750752,1.737858,1.722852,1.705931,1.687278,1.66707,1.646158,1.625587,1.605347,1.585427,1.565818,1.546509,1.52749,1.508753,1.490289,1.472088,1.45359,1.434068,1.41364,1.392418,1.370506,1.348001,1.324996,1.301575,1.277818,1.2538,1.230597,1.209585,1.190591,1.173454,1.158022,1.144149,1.131701,1.120547,1.110568,1.101649,1.092554,1.081713,1.069291,1.055443,1.040316,1.024046,1.006765,0.9885935,0.9696465,0.950031,0.9297266,0.9086703,0.8869769,0.8647535,0.8421,0.819109,0.7958669,0.7724532,0.7489418,0.7254005,0.7021293,0.6794941,0.6574931,0.6361228,0.615379,0.5952558,0.5757464,0.5568429,0.5385366,0.5208181,0.5040348,0.4886402,0.4745415,0.4616503,0.4498823,0.4391576,0.4293999,0.4205372,0.4125009,0.4052263,0.3994128,0.3959903,0.3947308,0.3954198,0.3978557,0.4018492,0.4072229,0.4138109,0.4214581,0.4300199,0.4394758,0.4498491,0.4609977,0.4727894,0.485102,0.4978224,0.5108461,0.5240771,0.5374274,0.5508162,0.5624668,0.5701002,0.5740442,0.5746093,0.5720896,0.566763,0.5588923,0.5487251,0.5364951,0.522422,0.5086727,0.4979868,0.4900993,0.4847599,0.4817328,0.4807958,0.4817398,0.4843687,0.4884983,0.4939561,0.4985676,0.4995674,0.4972738,0.4919878,0.4839933,0.4735579,0.4609338,0.4463579,0.4300527,0.4122269,0.3942265,0.3777284,0.3626409,0.3488762,0.3363501,0.3249824,0.3146965,0.3054191,0.2970806,0.2896148,0.2832216,0.2781831,0.2743823,0.271709,0.2700589,0.2693341,0.2694423,0.2702968,0.2718164,0.2739248,0.2753009,0.2742554,0.2710108,0.2657771,0.2587523,0.2501227,0.2400632,0.2287381,0.2163012,0.2028965,0.1886016,0.1734679,0.1576253,0.1411943,0.1242871,0.1070076,0.08945199,0.07170877,0.05385954,0.03597918,0.01980851,0.00758184,-0.001025134,-0.00631946,-0.008591532,-0.008115674,-0.005150722,5.940464e-05,0.007285145,0.01631073,0.02586779,0.03438234,0.04191962,0.04854206,0.05430943,0.05927885,0.06350484,0.06703946,0.06993229,0.07223056,0.07442607,0.07714184,0.08031657,0.0838929,0.08781727,0.09203971,0.09651376,0.1011962,0.106047,0.111029,0.1164437,0.1226954,0.1296786,0.1372949,0.1454526,0.1540661,0.1630562,0.1723494,0.1818775,0.1915777,0.1999228,0.204951,0.2069487,0.2061865,0.2029198,0.1973897,0.1898232,0.1804337,0.1694219,0.156976,0.1429401,0.1270477,0.1095285,0.09059725,0.07045436,0.04928663,0.02726783,0.004559278,-0.01868956,-0.04234049,-0.06633392,-0.09064073,-0.1151379,-0.1397124,-0.1642608,-0.188689,-0.2129109,-0.2368491,-0.2604335,-0.2836012,-0.3054058,-0.324641,-0.3414662,-0.3560342,-0.3684913,-0.3789777,-0.3876277,-0.3945694,-0.3999252,-0.4038119,-0.407259,-0.4115651,-0.4166214,-0.4223267,-0.4285867,-0.4353138,-0.4424269,-0.4498507,-0.457516,-0.4653587,-0.4718357,-0.4749649,-0.4750357,-0.4723215,-0.4670804,-0.4595562,-0.4499786,-0.4385636,-0.4255143,-0.4110214,-0.3956074,-0.3798863,-0.3639357,-0.3478275,-0.3316281,-0.3153982,-0.2991939,-0.2830662,-0.2670617,-0.2512227,-0.2342971,-0.2146434,-0.1925866,-0.1684305,-0.1424592,-0.1149376,-0.08611231,-0.05621266,-0.02545129,0.00597495,0.036356,0.06353966,0.08772025,0.1090843,0.1278106,0.1440705,0.1580281,0.1698399,0.1796559,0.1876188,0.1941898,0.1999203,0.2048598,0.2090557,0.212554,0.2153987,0.2176322,0.2192952,0.2204268,0.2210644,0.2213535,0.2214707,0.2214239,0.2212206,0.2208685,0.220375,0.2197475,0.2189934,0.2181199,0.2171341,0.216572,0.2171277,0.2186873,0.2211435,0.2243962,0.2283513,0.2329211,0.2380235,0.2435822,0.2495262,0.2538361,0.2539138,0.2501478,0.242905,0.2325307,0.2193499,0.203668,0.1857715,0.165929,0.1443914,0.1216439,0.09823006,0.07429655,0.04997894,0.02540226,0.0006815651,-0.02407758,-0.04877859,-0.0733334,-0.09766202,-0.1195754,-0.1362597,-0.1481386,-0.1556139,-0.1590655,-0.1588527,-0.1553149,-0.1487719,-0.1395251,-0.1278581,-0.1146431,-0.1009172,-0.08677621,-0.07230911,-0.05759818,-0.04271945,-0.02774292,-0.01273292,0.002251635,0.01715695,0.03218952,0.04763672,0.06340031,0.07938958,0.09552103,0.1117179,0.1279101,0.1440332,0.1600291,0.1758448,0.191752,0.208123,0.2248467,0.2418205,0.2589503,0.2761495,0.2933391,0.3104468,0.3274073,0.3441612,0.3593677,0.3713069,0.3802297,0.386374,0.389966,0.3912198,0.3903383,0.3875134,0.3829264,0.3767483,0.3683991,0.3570681,0.3430667,0.3266875,0.3082052,0.2878773,0.2659442,0.242631,0.2181473,0.1926883,0.1669378,0.1417166,0.1170658,0.09302121,0.0696139,0.04687038,0.02481296,0.003459963,-0.01717395,-0.03707752,-0.05453313,-0.06731548,-0.0758117,-0.08038824,-0.08139164,-0.07914922,-0.07396971,-0.06614406,-0.055946,-0.04363279,-0.03001994,-0.01607921,-0.001891444,0.01246868,0.02693235,0.04143635,0.05592273,0.07033857,0.08463569,0.09877041,0.1128128,0.1268695,0.140884,0.1548048,0.1685848,0.182182,0.1955581,0.2086791,0.2215146,0.2340378,0.2450647,0.2530674,0.258293,0.2609755,0.2613363,0.2595848,0.2559187,0.2505242,0.243577,0.2352421,0.2254188,0.2139202,0.2009408,0.1866629,0.171257,0.1548821,0.1376867,0.1198089,0.1013769,0.08250962,0.0648775,0.05060869,0.03944096,0.03112555,0.02542672,0.0221213,0.02099828,0.02185836,0.02451353,0.02878666,0.03352533,0.03729276,0.0401666,0.04222039,0.04352375,0.04414248,0.04413868,0.04357097,0.04249452,0.04096126,0.03983048,0.04020057,0.04192972,0.0448843,0.04893857,0.05397439,0.05988086,0.06655408,0.07389685,0.08181832,0.08925003,0.0948355,0.09872566,0.1010634,0.1019839,0.1016149,0.100077,0.09748383,0.09394237,0.08955321,0.08403564,0.07699102,0.06858776,0.05898377,0.04832693,0.03675547,0.02439844,0.01137607,-0.002199786,-0.01622532,-0.02900022,-0.03835239,-0.04456533,-0.04790743,-0.04863244,-0.04698003,-0.04317627,-0.03743416,-0.02995411,-0.02092442,-0.0124999,-0.007415025,-0.005373951,-0.006097401,-0.00932204,-0.01479988,-0.02229769,-0.03159638,-0.04249049,-0.05478755,-0.06629074,-0.07421277,-0.07885662,-0.08050883,-0.07944012,-0.07590597,-0.07014719,-0.06239044,-0.05284878,-0.04172227,-0.03065022,-0.02169355,-0.0146855,-0.009467962,-0.005891208,-0.003813592,-0.003101275,-0.003627938,-0.005274497,-0.007928842,-0.01110921,-0.01422787,-0.01727774,-0.02025259,-0.02314697,-0.02595611,-0.02867596,-0.03130306,-0.03383455,-0.03626813,-0.03777254,-0.03726922,-0.03494629,-0.03098108,-0.02554046,-0.01878133,-0.01085097,-0.001887446,0.007979999,0.01863058,0.02954065,0.04007155,0.05021933,0.05998152,0.06935697,0.07834583,0.08694936,0.09516989,0.1030107,0.110476,0.116868,0.1212797,0.1238777,0.1248194,0.1242536,0.1223209,0.1191538,0.1148769,0.1096079,0.1034567,0.09749528,0.09307827,0.09007548,0.08836382,0.08782705,0.08835549,0.08984584,0.09220085,0.09532915,0.09914498,0.101811,0.1009702,0.09695275,0.09006964,0.0806136,0.06885975,0.0550663,0.03947522,0.022313,0.003791212,-0.01401483,-0.02848251,-0.03986893,-0.04841816,-0.05436164,-0.05791859,-0.0592964,-0.05869112,-0.05628778,-0.05226082,-0.04695836,-0.04077359,-0.0338097,-0.02616333,-0.01792489,-0.009178757,-3.603403e-06,0.009527389,0.01934625,0.02939001,0.03847455,0.04508405,0.04942561,0.05169517,0.05207793,0.05074868,0.0478722,0.04360366,0.038089,0.03146521,0.02499675,0.02027915,0.01716605,0.01551902,0.0152072,0.0161071,0.01810226,0.02108305,0.02494634,0.02959531,0.03472364,0.03996641,0.04529323,0.05067605,0.05608909,0.0615087,0.06691324,0.07228303,0.07760017,0.08284847,0.08865714,0.09584913,0.1042662,0.11376,0.124192,0.1354328,0.1473618,0.1598667,0.1728435,0.1861956,0.1993313,0.2115158,0.2227878,0.2331855,0.2427463,0.2515071,0.2595039,0.2667722,0.2733465,0.2792605,0.2832676,0.2837385,0.2809958,0.2753439,0.2670697,0.2564433,0.2437184,0.2291335,0.2129117,0.1952621,0.1760574,0.1550611,0.1325163,0.1086497,0.0836727,0.05778147,0.03115817,0.003971386,-0.02362316,-0.05148199,-0.07962355,-0.1081222,-0.1368333,-0.1656241,-0.1943732,-0.2229698,-0.2513133,-0.2793126,-0.3068857,-0.333959,-0.358476,-0.3777932,-0.3923132,-0.4024183,-0.4084711,-0.4108153,-0.4097759,-0.4056604,-0.3987589,-0.3893449,-0.3772211,-0.3620386,-0.3441287,-0.3238026,-0.3013519,-0.2770495,-0.2511506,-0.223893,-0.1954985,-0.166173,-0.1377902,-0.1127123,-0.09071913,-0.07160077,-0.05515679,-0.0411962,-0.0295372,-0.02000682,-0.01244075,-0.006683006,-0.00229548,0.001238803,0.003986234,0.006009841,0.007369394,0.008121513,0.008319769,0.008014793,0.007254378,0.00608358,0.005225523,0.005604106,0.007101666,0.009607415,0.01301717,0.01723307,0.02216338,0.02772215,0.03382902,0.04040899,0.04703447,0.05317594,0.0588545,0.06409081,0.0689051,0.07331716,0.07734627,0.08101125,0.08433041,0.08732156,0.08996006,0.09220827,0.09409197,0.09563583,0.09686346,0.0977974,0.09845918,0.09886933,0.09904739,0.09901196,0.09920387,0.1001895,0.1018882,0.1042245,0.1071272,0.11053,0.1143707,0.1185912,0.1231373,0.1279586,0.1313401,0.1310718,0.1274937,0.1209263,0.1116713,0.1000124,0.08621609,0.07053209,0.05319431,0.03442136,0.01431333,-0.007074722,-0.02954228,-0.05290293,-0.07698372,-0.1016245,-0.1266773,-0.1520057,-0.1774843,-0.2029983,-0.2263954,-0.2449216,-0.2589564,-0.2688602,-0.2749746,-0.2776229,-0.2771112,-0.2737286,-0.2677478,-0.2594261,-0.2492892,-0.2379335,-0.2255077,-0.2121513,-0.1979946,-0.183159,-0.1677577,-0.1518959,-0.1356712,-0.1191739,-0.1023377,-0.08504466,-0.06739969,-0.0494996,-0.03143367,-0.01328402,0.004874045,0.0229717,0.04094623,0.05874069,0.07661064,0.09490847,0.1135228,0.1323508,0.1512982,0.1702784,0.1892124,0.2080279,0.2266597,0.2450487,0.2612489,0.2727552,0.2799564,0.2832207,0.2828964,0.2793126,0.2727795,0.2635899,0.252019,0.2383256,0.2228237,0.2058337,0.1875523,0.1681632,0.1478377,0.1267354,0.1050041,0.0827812,0.06019351,0.03735815,0.01534207,-0.00451015,-0.02232657,-0.03823021,-0.05233916,-0.06476665,-0.07562117,-0.08500653,-0.093022,-0.09976241,-0.1042052,-0.104991
-4.071363,-4.028497,-3.976924,-3.917479,-3.850947,-3.778068,-3.69954,-3.616014,-3.528105,-3.434398,-3.337363,-3.237516,-3.135337,-3.031271,-2.925735,-2.819114,-2.711767,-2.604023,-2.496189,-2.390305,-2.284919,-2.180255,-2.076522,-1.973907,-1.872579,-1.772691,-1.674383,-1.577777,-1.482981,-1.390604,-1.300233,-1.211937,-1.125776,-1.0418,-0.960048,-0.880553,-0.8033388,-0.7284223,-0.6558135,-0.583387,-0.5132099,-0.4452873,-0.3796187,-0.3161981,-0.2550145,-0.1960527,-0.1392932,-0.08471283,-0.03228505,0.015561,0.06124688,0.1048217,0.1463357,0.1858399,0.2233859,0.259026,0.2928128,0.324799,0.3550375,0.3846993,0.4127503,0.4392362,0.4642029,0.4876963,0.5097621,0.5304459,0.5497931,0.5678484,0.5846565,0.599115,0.6123809,0.624504,0.6355323,0.6455128,0.6544915,0.6625128,0.6696202,0.6758557,0.6812603,0.6877342,0.6935079,0.6986076,0.7030593,0.7068887,0.7101209,0.7127805,0.714892,0.7164789,0.7175646,0.7170217,0.7159899,0.7144974,0.7125715,0.7102383,0.707523,0.7044499,0.7010421,0.6973217,0.6933102,0.6893626,0.6851732,0.6807587,0.6761349,0.6713175,0.6663209,0.6611593,0.6558462,0.6503944,0.6448162,0.6383839,0.6318272,0.6251611,0.6183994,0.6115559,0.6046427,0.597672,0.5906544,0.5836006,0.5765204,0.5704074,0.5643134,0.5582405,0.5521909,0.5461667,0.5401696,0.5342016,0.5282643,0.5223595,0.5164886,0.5098596,0.5032451,0.4966508,0.4900824,0.483545,0.4770433,0.4705816,0.4641638,0.4577936,0.4514744,0.4466559,0.4419351,0.4373058,0.4327625,0.4283,0.4239134,0.4195982,0.4153501,0.4111654,0.4070403,0.401349,0.3956651,0.3899952,0.3843453,0.378721,0.3731277,0.3675699,0.3620521,0.3565781,0.3511517,0.345603,0.340103,0.3346556,0.3292638,0.3239307,0.3186589,0.3134508,0.3083083,0.3032332,0.298227,0.2936319,0.2891176,0.2846832,0.2803275,0.2760493,0.2718474,0.2677205,0.2636675,0.259687,0.2557778,0.2524516,0.2492085,0.2460444,0.2429552,0.2399371,0.2369863,0.2340996,0.2312737,0.2285056,0.2257923,0.2242222,0.2227325,0.2213145,0.21996,0.2186615,0.217412,0.216205,0.2150346,0.2138954,0.2127822,0.2118546,0.2109489,0.2100604,0.2091846,0.2083177,0.2074561,0.2065965,0.205736,0.204872,0.2040021,0.2006816,0.1972823,0.1938172,0.190298,0.1867358,0.1831407,0.1795222,0.1758892,0.1722496,0.168611,0.1677919,0.1670663,0.1664235,0.1658537,0.1653475,0.1648965,0.1644927,0.1641288,0.1637981,0.1634944,0.1603243,0.1570888,0.1537998,0.1504687,0.1471059,0.1437211,0.1403231,0.1369202,0.1335199,0.1301292,0.1284047,0.1267484,0.1251561,0.1236235,0.1221468,0.1207222,0.1193463,0.1180159,0.1167278,0.1154791,0.1146447,0.1138552,0.1131059,0.1123927,0.1117115,0.1110587,0.1104308,0.1098247,0.1092375,0.1086666,0.106317,0.1039283,0.1015089,0.09906653,0.09660849,0.0941414,0.09167138,0.08920406,0.08674458,0.08429768,0.08178592,0.07929263,0.0768218,0.07437705,0.07196166,0.06957854,0.06723031,0.06491927,0.06264745,0.06041661,0.06062686,0.06094867,0.0613691,0.0618761,0.06245844,0.06310568,0.06380814,0.06455682,0.06534344,0.06616031,0.06547168,0.06475655,0.06401789,0.06325848,0.06248095,0.06168776,0.0608812,0.06006343,0.05923646,0.05840217,0.05820325,0.05801848,0.05784564,0.05768268,0.0575277,0.05737898,0.05723492,0.05709409,0.05695517,0.05681697,0.05715977,0.05751484,0.0578785,0.05824739,0.05861844,0.05898884,0.05935604,0.05971775,0.06007189,0.06041661,0.0586425,0.05679631,0.05488905,0.05293097,0.05093158,0.04889968,0.04684341,0.0447703,0.04268726,0.04060065,0.03803993,0.03547335,0.03290855,0.03035253,0.02781166,0.02529173,0.02279797,0.02033513,0.01790743,0.01551867,0.01307489,0.01067364,0.008318086,0.006011006,0.003754818,0.001551594,-0.0005969034,-0.002689209,-0.004724128,-0.006700721,-0.007341108,-0.007885892,-0.008342245,-0.008716951,-0.00901642,-0.009246709,-0.009413529,-0.009522266,-0.009577991,-0.009585478,-0.01086638,-0.01214494,-0.01341743,-0.01468043,-0.01593087,-0.01716595,-0.01838317,-0.0195803,-0.02075534,-0.02190654,-0.02090303,-0.01981266,-0.0186467,-0.01741569,-0.01612941,-0.01479694,-0.01342669,-0.01202646,-0.01060346,-0.009164302,-0.008208535,-0.007262261,-0.006327725,-0.005406944,-0.004501724,-0.003613672,-0.002744211,-0.001894589,-0.001065892,-0.0002590547,0.002375884,0.00503978,0.007721274,0.01040994,0.01309626,0.01577151,0.01842779,0.02105792,0.02365543,0.02621449,0.02653796,0.02675122,0.02686297,0.02688144,0.0268144,0.02666919,0.02645271,0.02617148,0.02583162,0.02543888,0.02546463,0.02546115,0.02543045,0.02537448,0.02529507,0.02519397,0.02507284,0.02493326,0.02477673,0.02460467,0.02457578,0.02453844,0.0244929,0.02443948,0.02437844,0.0243101,0.02423473,0.02415264,0.02406412,0.02396945,0.02462802,0.02530246,0.02598862,0.02668268,0.02738112,0.02808076,0.02877865,0.02947214,0.03015882,0.03083652,0.02870137,0.02647438,0.02417036,0.02180305,0.01938519,0.01692855,0.01444397,0.01194145,0.009430173,0.006918559,0.004773234,0.002652408,0.0005603494,-0.001499114,-0.003522573,-0.005507003,-0.007449746,-0.009348485,-0.01120121,-0.01300623,-0.01172633,-0.01031036,-0.008775122,-0.007136272,-0.005408398,-0.00360506,-0.00173884,0.0001785994,0.002136469,0.004124809,0.005265095,0.006393676,0.007507891,0.008605348,0.009683908,0.01074167,0.01177694,0.01278827,0.01377435,0.0147341,0.01603294,0.01731408,0.01857474,0.01981245,0.021025,0.02221047,0.02336714,0.02449356,0.02558846,0.0266508,0.02813798,0.02960395,0.03104547,0.03245968,0.033844,0.0351962,0.03651432,0.03779666,0.03904177,0.04024845,0.03956923,0.03879761,0.03794376,0.0370172,0.03602681,0.03498091,0.03388721,0.03275293,0.03158476,0.03038889,0.02810811,0.02578067,0.02341771,0.02102947,0.0186254,0.01621418,0.01380373,0.01140132,0.00901357,0.006646472,0.005026185,0.003457239,0.001939813,0.0004739334,-0.0009405084,-0.002303748,-0.003616136,-0.004878127,-0.006090269,-0.007253196,-0.00591567,-0.004461159,-0.002904833,-0.001260821,0.0004577377,0.002238644,0.004070588,0.005943106,0.007846527,0.009771941,0.01088775,0.01198657,0.01306633,0.01412517,0.01516147,0.01617379,0.01716091,0.01812176,0.01905544,0.01996119,0.02099543,0.02200511,0.02298895,0.02394585,0.02487489,0.02577531,0.02664648,0.02748793,0.02829928,0.0290803,0.02816612,0.02717439,0.02611491,0.02499677,0.02382846,0.02261788,0.02137234,0.02009863,0.01880302,0.0174913,0.01580185,0.01409616,0.0123809,0.01066215,0.008945501,0.007236049,0.005538428,0.003856846,0.002195102,0.0005566168,0.001182702,0.001901059,0.002701018,0.003572618,0.004506571,0.005494227,0.006527542,0.007599051,0.00870183,0.009829476,0.009562262,0.00926861,0.008951765,0.00861476,0.008260413,0.007891347,0.007509997,0.00711862,0.006719306,0.006313982,0.007066959,0.007850179,0.008658348,0.009486564,0.0103303,0.01118537,0.01204794,0.01291447,0.01378173,0.01464676,0.01409586,0.01349774,0.01285843,0.01218356,0.01147836,0.01074768,0.009996045,0.009227622,0.00844627,0.007655549,0.006320658,0.004967489,0.003601946,0.002229458,0.0008549985,-0.0005168819,-0.001882034,-0.003236686,-0.00457742,-0.005901154,-0.004904415,-0.003820441,-0.00266048,-0.001435009,-0.0001537687,0.00117419,0.002540478,0.003937328,0.005357565,0.006794572,0.005405163,0.003940708,0.002412671,0.0008316919,-0.0007923694,-0.002450394,-0.004133965,-0.005835324,-0.007547342,-0.009263477,-0.008085047,-0.006817584,-0.005473034,-0.004062515,-0.002596356,-0.001084142,0.0004652471,0.002043602,0.003643346,0.005257501,0.004797411,0.004280622,0.003713933,0.003103682,0.002455774,0.001775703,0.001068571,0.0003391119,-0.0004082939,-0.001169597,-0.001401275,-0.001624431,-0.001839064,-0.002045193,-0.002242863,-0.002432136,-0.002613092,-0.002785826,-0.00295045,-0.003107086,-0.002066188,-0.0009839765,0.0001324385,0.001276473,0.00244204,0.00362352,0.00481574,0.006013942,0.007213768,0.00841123,0.009013291,0.009589402,0.01014002,0.01066562,0.01116671,0.01164382,0.0120975,0.01252832,0.01293685,0.01332367,0.01268154,0.01199044,0.01125686,0.01048686,0.009686054,0.008859663,0.008012527,0.007149118,0.006273569,0.005389686,0.005890053,0.006428035,0.006998449,0.007596477,0.008217645,0.008857806,0.009513124,0.01018005,0.01085533,0.01153595,0.00969917,0.00779127,0.005824675,0.003810892,0.001760556,-0.0003165192,-0.0024113,-0.004515487,-0.006621476,-0.008722316,-0.0081182,-0.007420767,-0.006640552,-0.005787399,-0.004870496,-0.003898405,-0.002879094,-0.001819968,-0.0007278982,0.0003907515,0.001266454,0.002149974,0.003037849,0.003926906,0.004814241,0.005697207,0.006573397,0.007440631,0.00829694,0.009140555,0.00835512,0.007508391,0.006608564,0.00566327,0.004679594,0.003664116,0.002622926,0.001561659,0.0004855117,-0.000600727,-6.34404e-05,0.0005182078,0.001138382,0.00179165,0.002472962,0.003177631,0.003901312,0.004639988,0.005389949,0.006147778,0.006601246,0.007047823,0.007486678,0.007917073,0.008338355,0.008749953,0.009151373,0.00954219,0.009922044,0.01029064,0.01157104,0.01286582,0.01416946,0.01547687,0.0167834,0.01808481,0.01937724,0.02065718,0.02192149,0.0231673,0.02367153,0.0241321,0.02455123,0.02493104,0.02527358,0.02558083,0.02585469,0.02609699,0.02630949,0.02649388,0.02481679,0.02306293,0.02124452,0.01937288,0.01745853,0.01551116,0.01353972,0.01155247,0.00955698,0.007560191,0.005105936,0.002649456,0.0001987109,-0.002239041,-0.004657203,-0.007049804,-0.009411457,-0.01173732,-0.01402308,-0.01626489,-0.01867496,-0.02104081,-0.02335861,-0.02562499,-0.027837,-0.02999212,-0.03208818,-0.03412337,-0.03609621,-0.03800549,-0.03699483,-0.0358384,-0.03455248,-0.03315228,-0.03165201,-0.03006492,-0.02840335,-0.02667878,-0.02490187,-0.02308248,-0.02057684,-0.01802788,-0.01544719,-0.01284547,-0.01023253,-0.007617376,-0.005008252,-0.002412665,0.0001625601,0.002711237,0.002814515,0.002812485,0.00271477,0.002530415,0.002267909,0.001935212,0.001539782,0.001088595,0.0005881729,4.460086e-05,-0.000120198,-0.0003054343,-0.0005086323,-0.0007274828,-0.0009598354,-0.00120369,-0.001457189,-0.001718611,-0.001986363,-0.00225897,-0.001558767,-0.0008332374,-8.69416e-05,0.0006758993,0.001451386,0.002235922,0.003026202,0.003819187,0.004612098,0.005402396,0.005674795,0.005925682,0.006156157,0.006367282,0.006560077,0.006735525,0.006894571,0.007038121,0.007167045,0.007282179,0.007324235,0.00735237,0.007367669,0.007371158,0.007363807,0.007346532,0.007320199,0.00728562,0.007243562,0.007194749,0.007746801,0.008310555,0.008883062,0.009461603,0.01004368,0.01062701,0.0112095,0.01178924,0.0123645,0.0129337,0.01110271,0.009195388,0.007224596,0.005202237,0.003139325,0.001046032,-0.001068272,-0.003194973,-0.005326167,-0.007454624,-0.009722893,-0.01198004,-0.01421976,-0.01643632,-0.01862458,-0.02077989,-0.02289812,-0.02497557,-0.027009,-0.02899556,-0.02799672,-0.02686348,-0.02561119,-0.0242542,-0.0228059,-0.02127877,-0.01968443,-0.01803366,-0.01633646,-0.01460212,-0.01324635,-0.0118814,-0.01051217,-0.009143162,-0.007778473,-0.006421845,-0.005076675,-0.003746038,-0.002432708,-0.001139172,0.0003473078,0.00181587,0.003263519,0.004687573,0.006085644,0.00745562,0.008795649,0.01010411,0.01137963,0.01262101,0.01426761,0.01589073,0.01748714,0.01905399,0.02058874,0.02208915,0.0235533,0.02497951,0.02636635,0.02771263,0.02630293,0.02477424,0.02314183,0.02141994,0.01962181,0.01775973,0.01584511,0.01388852,0.01189971,0.009887699,0.00796297,0.006033829,0.004106656,0.002187276,0.000280992,-0.001607388,-0.003473516,-0.00531348,-0.007123777,-0.008901281,-0.009267516,-0.009556907,-0.009775376,-0.009928524,-0.01002164,-0.01005972,-0.01004746,-0.009989304,-0.009889427,-0.009751752,-0.007983498,-0.006139501
-1.22386,3.542874,7.914516,11.91288,15.55888,18.87256,21.87313,24.57897,27.00767,29.17846,31.10077,32.79028,34.26195,35.53002,36.60806,37.50898,38.24508,38.82801,39.26887,39.57604,39.76535,39.84593,39.82645,39.7151,39.51962,39.24731,38.90509,38.49945,38.0365,37.5214,36.96124,36.36102,35.72542,35.05883,34.36534,33.64878,32.91272,32.1605,31.39521,30.6223,29.83737,29.04325,28.24257,27.43774,26.63101,25.82444,25.01991,24.21917,23.42378,22.63221,21.85394,21.08971,20.34018,19.60593,18.88745,18.18515,17.49938,16.83039,16.17842,15.54496,14.9264,14.323,13.73493,13.16234,12.60531,12.0639,11.53809,11.02787,10.53316,10.05248,9.589501,9.143873,8.715233,8.303206,7.907412,7.527456,7.162946,6.81348,6.478654,6.160321,5.851897,5.553299,5.264426,4.985163,4.715381,4.454939,4.203686,3.961461,3.728094,3.502015,3.286857,3.082235,2.887768,2.703083,2.527816,2.361606,2.204104,2.054968,1.913863,1.780868,1.654554,1.534671,1.420972,1.313216,1.211168,1.114598,1.023282,0.9370036,0.8555495,0.777817,0.7060602,0.639957,0.5791982,0.5234873,0.4725397,0.426083,0.3838565,0.3456107,0.311107,0.2813115,0.2527382,0.2253495,0.1991081,0.1739773,0.1499205,0.1269018,0.1048858,0.08383761,0.0637228,0.04354535,0.02590667,0.0106371,-0.002424411,-0.01343108,-0.02252851,-0.02985484,-0.03554111,-0.03971145,-0.04248352,-0.04221388,-0.04381052,-0.04712286,-0.05200847,-0.05833273,-0.06596855,-0.07479607,-0.08470234,-0.09558099,-0.1073321,-0.1218292,-0.1335986,-0.1428379,-0.1497344,-0.1544659,-0.1572008,-0.1580982,-0.1573088,-0.1549746,-0.15123,-0.1464114,-0.1400637,-0.132329,-0.123341,-0.1132255,-0.1021008,-0.09007768,-0.07726008,-0.06374526,-0.04962409,-0.0345683,-0.01978817,-0.005298482,0.008887895,0.02275979,0.03630784,0.0495242,0.06240246,0.07493763,0.08712599,0.09958702,0.1106166,0.1203028,0.1287297,0.1359777,0.1421234,0.1472397,0.1513961,0.1546587,0.1570905,0.1600743,0.1600453,0.1572458,0.1519049,0.1442393,0.1344531,0.1227394,0.1092796,0.09424477,0.07779568,0.06028227,0.04130192,0.02101584,-0.0004248389,-0.02287852,-0.04621276,-0.07030378,-0.09503613,-0.1203022,-0.1460019,-0.175005,-0.1991158,-0.2186766,-0.2340125,-0.2454321,-0.2532282,-0.2576779,-0.259044,-0.2575749,-0.2535055,-0.2436478,-0.2375445,-0.2349073,-0.2354632,-0.2389536,-0.2451344,-0.2537747,-0.2646568,-0.2775753,-0.2923369,-0.3122615,-0.3275924,-0.3386676,-0.3458078,-0.349317,-0.3494826,-0.3465768,-0.3408566,-0.3325649,-0.3219308,-0.3071684,-0.2939597,-0.2822107,-0.2718318,-0.2627371,-0.2548451,-0.2480777,-0.2423606,-0.2376233,-0.2337983,-0.2303638,-0.2285123,-0.2281208,-0.229073,-0.2312588,-0.234574,-0.2389204,-0.2442054,-0.2503416,-0.2572467,-0.2670172,-0.2736303,-0.2773273,-0.2783368,-0.2768752,-0.273147,-0.2673454,-0.2596527,-0.2502409,-0.2392719,-0.2269972,-0.2132888,-0.1982955,-0.1821569,-0.1650038,-0.1469589,-0.1281369,-0.1086449,-0.08858304,-0.06804441,-0.04420669,-0.02511273,-0.0104228,0.0001855992,0.00701831,0.0103652,0.01050073,0.007684621,0.002162392,-0.005834057,-0.01793989,-0.02887413,-0.03870653,-0.04750376,-0.05532951,-0.06224454,-0.06830685,-0.07357168,-0.07809168,-0.08191694,-0.08431779,-0.08746716,-0.09129732,-0.09574447,-0.1007485,-0.106253,-0.1122047,-0.118554,-0.1252541,-0.1322613,-0.1389509,-0.1468825,-0.1559376,-0.1660042,-0.1769773,-0.1887584,-0.2012548,-0.2143801,-0.228053,-0.2421979,-0.2593003,-0.2722976,-0.2814925,-0.2871724,-0.2896092,-0.2890606,-0.28577,-0.2799679,-0.2718715,-0.261686,-0.2501824,-0.2359612,-0.2192762,-0.2003659,-0.1794548,-0.1567537,-0.1324607,-0.1067612,-0.07982905,-0.05182662,-0.02302372,0.006761237,0.03737961,0.06869292,0.1005724,0.1328983,0.1655598,0.1984542,0.2314866,0.2645696,0.2991719,0.3309799,0.3601468,0.3868196,0.4111391,0.4332404,0.4532525,0.4712991,0.4874984,0.5019633,0.5132043,0.5256965,0.5393106,0.5539247,0.5694251,0.5857048,0.6026638,0.6202087,0.6382524,0.6567135,0.6780991,0.6952702,0.7085297,0.7181647,0.7244477,0.7276369,0.7279768,0.7256984,0.7210205,0.7141494,0.7046813,0.6944379,0.6835068,0.6719702,0.6599049,0.6473827,0.6344705,0.621231,0.6077222,0.5939982,0.5823537,0.5666913,0.5473738,0.5247428,0.4991201,0.4708082,0.4400913,0.4072362,0.3724927,0.3360951,0.2956037,0.2584993,0.2245938,0.1937068,0.1656656,0.1403046,0.1174657,0.09699747,0.07875518,0.06260074,0.04896745,0.03618282,0.02420758,0.01300373,0.002534522,-0.007235507,-0.01634061,-0.02481381,-0.03268695,-0.03999068,-0.04656367,-0.0529567,-0.05916986,-0.06520368,-0.07105905,-0.07673722,-0.08223975,-0.0875685,-0.0927256,-0.0977134,-0.1016138,-0.1069494,-0.1135921,-0.1214208,-0.1303217,-0.1401879,-0.1509186,-0.1624194,-0.1746017,-0.1873825,-0.2040824,-0.2153276,-0.2215347,-0.223098,-0.2203909,-0.213766,-0.203557,-0.1900784,-0.173627,-0.1544824,-0.1324724,-0.1090359,-0.08434332,-0.05855414,-0.03181737,-0.004272121,0.02395192,0.05273406,0.08196214,0.1115321,0.1450294,0.1722874,0.1937485,0.2098328,0.2209385,0.2274437,0.2297061,0.2280644,0.222839,0.2143325,0.2017764,0.1883261,0.1740854,0.1591516,0.1436155,0.1275621,0.1110706,0.09421477,0.07706331,0.05967993,0.04256805,0.02456615,0.005788008,-0.01366001,-0.03367867,-0.05417545,-0.07506427,-0.09626513,-0.1177038,-0.1393117,-0.1604693,-0.1826395,-0.2056892,-0.229494,-0.253938,-0.2789133,-0.3043193,-0.3300627,-0.3560571,-0.3822226,-0.4107245,-0.4353653,-0.4564016,-0.4740773,-0.4886246,-0.500264,-0.5092049,-0.5156463,-0.5197765,-0.5217741,-0.5230974,-0.5203776,-0.5139496,-0.5041294,-0.4912157,-0.4754899,-0.4572172,-0.4366471,-0.4140143,-0.3895389,-0.3625538,-0.3356451,-0.3088697,-0.2822793,-0.2559212,-0.2298382,-0.2040687,-0.1786476,-0.1536059,-0.1289711,-0.1017939,-0.08023505,-0.06388951,-0.05237281,-0.04532044,-0.04238702,-0.0432456,-0.04758692,-0.05511868,-0.06556487,-0.07966372,-0.09443647,-0.1097942,-0.125654,-0.1419384,-0.1585754,-0.1754978,-0.1926434,-0.2099545,-0.2273777,-0.2446732,-0.2623169,-0.2802399,-0.2983783,-0.3166727,-0.3350685,-0.3535151,-0.371966,-0.3903783,-0.408713,-0.4289533,-0.4455404,-0.4587322,-0.4687738,-0.4758977,-0.4803244,-0.4822627,-0.4819103,-0.4794542,-0.4750712,-0.4693731,-0.4612993,-0.4510613,-0.438859,-0.4248802,-0.4093018,-0.39229,-0.3740008,-0.3545806,-0.3341664,-0.3101718,-0.2901468,-0.2738164,-0.2609193,-0.2512074,-0.2444454,-0.24041,-0.2388897,-0.2396844,-0.2426048,-0.2491866,-0.2545676,-0.2588328,-0.2620628,-0.264334,-0.265719,-0.2662865,-0.2661016,-0.2652258,-0.2637171,-0.2602207,-0.2586473,-0.2588448,-0.2606695,-0.2639853,-0.2686638,-0.2745838,-0.2816311,-0.2896981,-0.2986836,-0.3102037,-0.3194851,-0.3266878,-0.3319638,-0.335457,-0.3373039,-0.337634,-0.3365694,-0.3342259,-0.3307127,-0.3267856,-0.3207554,-0.3128068,-0.3031139,-0.2918405,-0.279141,-0.2651606,-0.2500355,-0.2338936,-0.2168549,-0.1962411,-0.1797946,-0.1672159,-0.1582205,-0.152539,-0.1499159,-0.1501094,-0.1528905,-0.158043,-0.1653628,-0.1780979,-0.1866488,-0.1913343,-0.1924569,-0.1903025,-0.1851417,-0.1772298,-0.1668081,-0.154104,-0.1393318,-0.119185,-0.1034558,-0.09182255,-0.08398017,-0.07963946,-0.07852651,-0.08038212,-0.0849612,-0.0920322,-0.1013766,-0.1153136,-0.1267368,-0.1358232,-0.142741,-0.1476496,-0.1507003,-0.1520364,-0.1517937,-0.1501005,-0.1470782,-0.1421866,-0.1373259,-0.1325045,-0.1277305,-0.1230109,-0.118352,-0.1137597,-0.109239,-0.1047944,-0.1004299,-0.09470613,-0.09157529,-0.09083436,-0.09229123,-0.09576423,-0.1010817,-0.1080818,-0.1166116,-0.1265273,-0.1376934,-0.1506974,-0.1634631,-0.1759801,-0.1882394,-0.2002334,-0.2119558,-0.2234013,-0.2345659,-0.2454464,-0.2560406,-0.2675696,-0.2766871,-0.2835676,-0.2883764,-0.2912703,-0.292398,-0.2919001,-0.2899096,-0.2865521,-0.2819465,-0.2745199,-0.268989,-0.2652133,-0.2630592,-0.2624007,-0.263118,-0.2650982,-0.2682343,-0.2724257,-0.277577,-0.286655,-0.29121,-0.2915981,-0.288156,-0.2812022,-0.2710376,-0.2579461,-0.2421952,-0.2240372,-0.2037092,-0.1781675,-0.1565629,-0.1386264,-0.1241023,-0.1127477,-0.1043321,-0.09863666,-0.09545401,-0.09458776,-0.09585206,-0.09939092,-0.1041631,-0.1100574,-0.1169692,-0.1247997,-0.1334562,-0.1428515,-0.152904,-0.1635369,-0.1746784,-0.1882198,-0.1987381,-0.2064538,-0.211576,-0.2143031,-0.2148227,-0.2133125,-0.2099406,-0.2048657,-0.1982375,-0.1882214,-0.1803586,-0.1744931,-0.1704765,-0.1681683,-0.1674354,-0.1681518,-0.1701983,-0.1734624,-0.1778378,-0.1835991,-0.1896258,-0.1958825,-0.2023359,-0.2089551,-0.2157114,-0.2225779,-0.2295299,-0.2365444,-0.2435999,-0.2495572,-0.257463,-0.2671413,-0.2784261,-0.2911611,-0.3051994,-0.3204029,-0.3366421,-0.3537956,-0.3717498,-0.3912723,-0.4098718,-0.4275802,-0.4444289,-0.460449,-0.4756706,-0.4901237,-0.5038373,-0.51684,-0.5291598,-0.5430492,-0.5524435,-0.5576857,-0.5591004,-0.5569952,-0.5516606,-0.5433711,-0.5323861,-0.5189497,-0.5032924,-0.4861919,-0.4663165,-0.4439376,-0.4193104,-0.3926744,-0.3642546,-0.3342617,-0.3028928,-0.2703325,-0.2367529,-0.202576,-0.1672355,-0.1309077,-0.09375684,-0.05593549,-0.01758554,0.02116151,0.06018396,0.09936938,0.1386141,0.1812861,0.2178187,0.2486254,0.2740994,0.2946143,0.3105254,0.3221695,0.3298663,0.3339185,0.3346131,0.3330133,0.3272081,0.3175526,0.3043821,0.2880129,0.2687429,0.2468526,0.222606,0.1962509,0.1680201,0.1352048,0.1060203,0.08024073,0.05765043,0.03804384,0.02122508,0.007007643,-0.004785944,-0.01432442,-0.0217681,-0.02676437,-0.03083942,-0.0340582,-0.03648241,-0.03817061,-0.03917831,-0.03955813,-0.03935988,-0.03863066,-0.03741502,-0.03457092,-0.03337901,-0.033708,-0.03543372,-0.0384388,-0.04261246,-0.04785015,-0.05405336,-0.0611293,-0.06899073,-0.07817779,-0.08691064,-0.09520572,-0.1030792,-0.1105469,-0.1176244,-0.1243269,-0.130669,-0.1366655,-0.1423302,-0.14775,-0.1527386,-0.1573196,-0.1615153,-0.1653473,-0.1688363,-0.172002,-0.1748634,-0.1774386,-0.1797448,-0.1810625,-0.1834224,-0.1867345,-0.1909142,-0.1958816,-0.2015615,-0.207883,-0.2147797,-0.2221891,-0.2300526,-0.2412173,-0.2476889,-0.249833,-0.2479953,-0.2425031,-0.2336653,-0.2217738,-0.2071038,-0.1899147,-0.1704504,-0.1491218,-0.1256492,-0.100261,-0.07317122,-0.04458069,-0.01467724,0.01636348,0.04837744,0.08121171,0.1147239,0.1523425,0.1841981,0.2106843,0.2321752,0.249026,0.2615744,0.2701402,0.2750269,0.2765219,0.2748971,0.2699158,0.2631727,0.2548267,0.2450276,0.2339164,0.2216257,0.2082802,0.1939968,0.178885,0.1630475,0.1468409,0.1296414,0.1115695,0.09273826,0.07325316,0.05321267,0.0327085,0.01182598,-0.009355631,-0.03076283,-0.05179352,-0.07384663,-0.09678815,-0.1204929,-0.144844,-0.1697328,-0.1950581,-0.220726,-0.2466492,-0.2727473,-0.302238,-0.3260418,-0.3445647,-0.358192,-0.3672892,-0.3722029,-0.373261,-0.370774,-0.3650354,-0.3563226,-0.3447732,-0.3309734,-0.3151378,-0.2974688,-0.2781561,-0.2573782,-0.2353023,-0.2120852,-0.1878734,-0.162804,-0.1353363,-0.1101562,-0.087137,-0.06615701,-0.0470997,-0.0298535,-0.01431163,-0.0003719886,0.01206301,0.02308654,0.03472377,0.04175987
4.697464,-0.9934316,-6.324227,-11.30366,-15.94097,-20.24582,-24.22824,-27.89856,-31.26734,-34.33631,-37.11192,-39.60609,-41.83077,-43.79791,-45.51937,-47.00694,-48.27227,-49.32688,-50.18207,-50.85697,-51.36644,-51.72029,-51.92815,-51.99934,-51.94299,-51.76794,-51.48277,-51.09574,-50.61488,-50.05021,-49.41031,-48.70207,-47.93211,-47.10673,-46.23198,-45.31361,-44.3571,-43.36764,-42.35017,-41.29969,-40.21583,-39.10373,-37.96828,-36.81407,-35.64543,-34.46642,-33.28084,-32.09225,-30.90397,-29.73021,-28.57936,-27.45288,-26.35206,-25.27803,-24.23177,-23.21409,-22.22569,-21.26712,-20.33881,-19.43601,-18.5564,-17.70064,-16.86923,-16.0626,-15.28107,-14.52487,-13.79414,-13.08893,-12.40924,-11.76017,-11.14414,-10.56041,-10.00818,-9.486635,-8.994919,-8.532158,-8.097464,-7.689929,-7.308636,-6.94422,-6.591574,-6.25065,-5.921371,-5.603634,-5.297315,-5.002267,-4.718324,-4.445304,-4.183006,-3.936432,-3.707937,-3.496739,-3.302064,-3.123148,-2.959237,-2.809592,-2.673485,-2.550205,-2.439057,-2.337844,-2.245153,-2.1605,-2.083413,-2.013437,-1.950128,-1.893057,-1.841812,-1.795992,-1.755214,-1.722461,-1.699039,-1.684255,-1.677446,-1.677971,-1.68522,-1.698604,-1.717561,-1.741557,-1.770081,-1.798179,-1.823181,-1.845116,-1.864022,-1.879944,-1.892934,-1.903051,-1.910358,-1.914925,-1.916823,-1.91973,-1.925506,-1.933859,-1.944508,-1.95719,-1.971653,-1.98766,-2.004988,-2.023427,-2.042779,-2.056295,-2.060556,-2.056086,-2.043399,-2.022997,-1.995369,-1.960993,-1.920331,-1.873833,-1.821933,-1.772413,-1.729319,-1.692274,-1.66091,-1.634869,-1.613805,-1.597382,-1.585278,-1.577178,-1.572782,-1.572586,-1.5767,-1.584776,-1.596479,-1.61149,-1.629501,-1.650221,-1.673371,-1.698685,-1.725913,-1.75327,-1.779765,-1.805346,-1.82997,-1.853596,-1.876195,-1.897738,-1.918207,-1.937584,-1.95586,-1.970702,-1.980955,-1.986866,-1.988674,-1.986616,-1.980922,-1.971817,-1.959521,-1.944248,-1.926205,-1.900645,-1.865312,-1.820913,-1.76813,-1.707621,-1.640021,-1.565939,-1.485962,-1.400651,-1.310544,-1.215411,-1.115375,-1.010979,-0.9027441,-0.7911627,-0.6767043,-0.5598136,-0.4409109,-0.3203938,-0.1986365,-0.08707179,0.008485936,0.0888865,0.1549624,0.2075276,0.2473765,0.2752829,0.2919997,0.2982576,0.2947648,0.2949601,0.3058173,0.3266413,0.3567569,0.3955092,0.4422645,0.49641,0.5573548,0.6245294,0.6973865,0.7623021,0.8122902,0.8482385,0.871012,0.881451,0.8803719,0.8685651,0.8467957,0.8158024,0.7762976,0.7364529,0.7006323,0.6686854,0.640461,0.6158073,0.5945724,0.5766051,0.5617552,0.5498736,0.540813,0.5361404,0.5365605,0.5417537,0.5514091,0.5652245,0.5829073,0.604174,0.6287505,0.6563727,0.6867861,0.7116155,0.7266023,0.7323714,0.72953,0.7186666,0.700351,0.6751336,0.6435454,0.6060982,0.5632836,0.5152033,0.4621264,0.404525,0.3428503,0.277533,0.208984,0.1375939,0.0637338,-0.01224443,-0.09000786,-0.1583623,-0.2116269,-0.2506608,-0.2763031,-0.2893721,-0.2906639,-0.2809521,-0.2609871,-0.2314954,-0.1931792,-0.1536505,-0.1169941,-0.08311296,-0.051909,-0.02328333,0.002863418,0.02663073,0.0481179,0.06742374,0.08464628,0.1027898,0.123389,0.1462342,0.1711243,0.1978662,0.2262753,0.2561752,0.2873977,0.3197824,0.353177,0.3896205,0.4300563,0.4741268,0.5214891,0.5718149,0.6247906,0.680117,0.7375092,0.7966964,0.8574216,0.9098809,0.9491128,0.9759003,0.9910062,0.9951729,0.9891213,0.9735504,0.9491365,0.9165336,0.8763725,0.8270997,0.7682301,0.7005506,0.6248177,0.5417568,0.4520633,0.356402,0.2554076,0.1496854,0.03981107,-0.07411006,-0.1917779,-0.3126557,-0.4362352,-0.5620365,-0.6896069,-0.8185207,-0.9483784,-1.078806,-1.209453,-1.3342,-1.449879,-1.556814,-1.655333,-1.745762,-1.828429,-1.903661,-1.97178,-2.033107,-2.087959,-2.142624,-2.200365,-2.26086,-2.323801,-2.388892,-2.455855,-2.524423,-2.594343,-2.665377,-2.737299,-2.800237,-2.849211,-2.885043,-2.908535,-2.920465,-2.921591,-2.912646,-2.89434,-2.867359,-2.832365,-2.792234,-2.748686,-2.702076,-2.652742,-2.601005,-2.54717,-2.491526,-2.434346,-2.375889,-2.316398,-2.247706,-2.165874,-2.07198,-1.967063,-1.852115,-1.728092,-1.595904,-1.456422,-1.310477,-1.158856,-1.012254,-0.8763018,-0.7506322,-0.6348751,-0.5286582,-0.4316085,-0.343353,-0.2635207,-0.1917426,-0.1276532,-0.06877782,-0.01371397,0.03766797,0.08549864,0.1299092,0.1710308,0.2089945,0.2439306,0.2759684,0.305236,0.3325738,0.3584597,0.3829418,0.4060684,0.4278878,0.4484483,0.467798,0.4859844,0.5030552,0.519057,0.5374792,0.5600713,0.5865179,0.6165146,0.649768,0.6859958,0.7249268,0.7663008,0.8098689,0.8553934,0.8899376,0.9069958,0.9076915,0.8931154,0.8643247,0.8223422,0.7681556,0.7027175,0.6269453,0.5417204,0.4495171,0.3519518,0.2496296,0.1431262,0.0329885,-0.08026514,-0.1961441,-0.3141852,-0.4339515,-0.5550324,-0.6632724,-0.7514957,-0.8208051,-0.87228,-0.9069738,-0.9259136,-0.9300988,-0.9204998,-0.898058,-0.8636844,-0.8222028,-0.7764146,-0.7267257,-0.6735246,-0.6171818,-0.5580505,-0.4964667,-0.4327495,-0.3672013,-0.3001083,-0.2300791,-0.1565458,-0.07992183,-0.0006001573,0.08104635,0.1646645,0.2499204,0.336499,0.4241038,0.512456,0.6033732,0.6976399,0.7948107,0.8944634,0.9961981,1.099637,1.204424,1.310224,1.416722,1.523624,1.622279,1.708286,1.782281,1.844892,1.896732,1.938403,1.970492,1.993572,2.008201,2.01492,2.009434,1.989865,1.957211,1.912434,1.856463,1.790195,1.714489,1.630174,1.53804,1.438847,1.336588,1.233573,1.130118,1.026518,0.9230476,0.819961,0.7174934,0.6158617,0.5152648,0.4158846,0.3290086,0.260291,0.2087036,0.1732421,0.1529271,0.1468051,0.1539498,0.1734626,0.2044731,0.2461398,0.2939157,0.3451695,0.3995389,0.4566781,0.5162582,0.5779669,0.6415077,0.7066002,0.7729795,0.8403956,0.9093257,0.9799014,1.051841,1.124881,1.198769,1.273272,1.34817,1.423257,1.498342,1.573247,1.640254,1.695475,1.739557,1.773137,1.796834,1.811251,1.816976,1.81458,1.804617,1.787621,1.762445,1.728765,1.687237,1.63849,1.583132,1.521745,1.454888,1.383094,1.306874,1.226715,1.153233,1.091893,1.042052,1.003078,0.9743526,0.9552735,0.9452518,0.9437147,0.9501058,0.9638854,0.9781176,0.9891236,0.9970863,1.002185,1.004593,1.004481,1.002015,0.997354,0.9906541,0.9820653,0.9770057,0.9782249,0.9853059,0.9978445,1.015449,1.037742,1.064359,1.094947,1.12917,1.166704,1.200836,1.228102,1.248888,1.26357,1.272515,1.276081,1.274617,1.268459,1.257936,1.243362,1.222605,1.194749,1.160334,1.11988,1.073886,1.022833,0.9671829,0.9073757,0.8438342,0.7769612,0.7175766,0.6712105,0.6371184,0.6145732,0.6028664,0.6013083,0.6092296,0.6259808,0.6509334,0.6834799,0.7101654,0.7240565,0.7259561,0.7166446,0.69688,0.6673962,0.6289036,0.5820878,0.5276099,0.4661067,0.4113106,0.3703021,0.3422711,0.3264275,0.3220023,0.3282483,0.3444406,0.3698775,0.4038804,0.4457942,0.485543,0.5178453,0.5431055,0.56172,0.5740761,0.580552,0.5815157,0.5773255,0.5683287,0.5548623,0.5397003,0.5243691,0.508916,0.4933855,0.4778188,0.4622546,0.4467289,0.431275,0.4159237,0.4007033,0.3910362,0.3896168,0.3959025,0.4093669,0.4295003,0.45581,0.4878208,0.5250744,0.5671304,0.6135656,0.6613007,0.7086242,0.7554448,0.8016788,0.8472503,0.8920906,0.9361379,0.979337,1.021639,1.063001,1.098815,1.126785,1.147364,1.160991,1.168095,1.169095,1.164394,1.154387,1.139451,1.119956,1.102555,1.090707,1.084082,1.082356,1.085215,1.092354,1.103477,1.118297,1.136538,1.157931,1.170789,1.169207,1.154144,1.126527,1.087256,1.037199,0.9771932,0.9080466,0.8305351,0.7454037,0.665584,0.5978058,0.5414443,0.4958861,0.4605301,0.4347888,0.4180885,0.4098706,0.4095915,0.4167238,0.4295601,0.4470137,0.4687318,0.4943742,0.5236139,0.5561367,0.5916414,0.6298397,0.6704561,0.7132277,0.7505797,0.7786491,0.7979759,0.8090872,0.8124962,0.808702,0.798189,0.7814267,0.7588692,0.7309548,0.7054964,0.6865584,0.673759,0.6667261,0.6650968,0.6685188,0.6766502,0.6891598,0.705727,0.7260429,0.7484071,0.771839,0.7962095,0.8213959,0.8472823,0.8737585,0.9007205,0.9280706,0.9557163,0.9835713,1.015742,1.054227,1.098516,1.14812,1.202569,1.261413,1.32422,1.390578,1.460093,1.53239,1.603845,1.672501,1.738381,1.801511,1.861925,1.919662,1.974765,2.027282,2.077263,2.124764,2.161519,2.183469,2.191548,2.186661,2.169687,2.141479,2.10286,2.054623,1.997534,1.93233,1.857619,1.773041,1.679466,1.577727,1.468619,1.352905,1.231312,1.104531,0.9732206,0.8380045,0.6984961,0.5547705,0.4074574,0.2571522,0.1044172,-0.05021816,-0.206256,-0.3632297,-0.5207022,-0.678266,-0.8225893,-0.9469095,-1.052256,-1.139638,-1.210044,-1.264444,-1.30378,-1.328973,-1.340918,-1.340484,-1.325552,-1.29547,-1.251338,-1.194213,-1.125116,-1.045032,-0.9549031,-0.8556354,-0.748096,-0.6331141,-0.5224274,-0.4222076,-0.332027,-0.2514592,-0.1800803,-0.1174698,-0.06321163,-0.01689509,0.02188423,0.0535238,0.08030149,0.1035333,0.1233945,0.1400578,0.1536924,0.1644645,0.1725365,0.178067,0.1812107,0.1821178,0.1853631,0.1932799,0.2055421,0.2218344,0.2418519,0.2653005,0.2918974,0.3213702,0.3534579,0.3879101,0.4221606,0.4548292,0.4859413,0.5155249,0.5436102,0.5702296,0.5954173,0.6192089,0.6416416,0.6627537,0.6823118,0.7002208,0.7165501,0.731368,0.7447427,0.7567412,0.7674296,0.7768732,0.785136,0.7922804,0.8011211,0.8130802,0.8279283,0.8454436,0.8654123,0.8876285,0.9118944,0.9380201,0.9658237,0.9951314,1.014924,1.019671,1.010358,0.9879397,0.9533411,0.9074565,0.851149,0.7852505,0.7105615,0.6278507,0.537179,0.4389175,0.3338119,0.2225744,0.1058846,-0.01561039,-0.1412955,-0.270587,-0.4029321,-0.5378083,-0.6614048,-0.7666667,-0.8545504,-0.9259949,-0.9819191,-1.023221,-1.050778,-1.065441,-1.068042,-1.059384,-1.042095,-1.017842,-0.9871617,-0.9505683,-0.9085575,-0.861605,-0.8101665,-0.754678,-0.6955558,-0.6331972,-0.5670051,-0.4968562,-0.4231933,-0.3464377,-0.2669896,-0.1852285,-0.1015137,-0.01618423,0.07043988,0.1580577,0.2483843,0.3421435,0.4388793,0.5381592,0.639574,0.7427372,0.8472844,0.952873,1.059181,1.165908,1.260459,1.336479,1.395012,1.437078,1.463673,1.475765,1.474294,1.460174,1.434289,1.397494,1.351079,1.296067,1.233177,1.163096,1.086485,1.003975,0.9161699,0.8236463,0.7269521,0.6266087,0.5293512,0.4387364,0.354555,0.2765937,0.2046366,0.1384658,0.07786221,0.02260653,-0.02752041,-0.07273684,-0.106018,-0.1239946
0.8222503,6.634258,11.99763,16.93193,21.45635,25.58974,29.35056,32.75687,35.82629,38.57398,41.00883,43.14793,45.00784,46.60461,47.95381,49.07047,49.96912,50.66377,51.16795,51.49644,51.66868,51.69598,51.58918,51.35867,51.01438,50.5658,50.02199,49.39159,48.68278,47.90391,47.06438,46.17101,45.23026,44.24819,43.23056,42.18277,41.10989,40.01667,38.90759,37.7846,36.64321,35.48784,34.32264,33.15146,31.97788,30.80521,29.63651,28.47462,27.32211,26.18388,25.07177,23.98678,22.92977,21.90144,20.90238,19.93303,18.99375,18.08475,17.20617,16.3569,15.53248,14.73322,13.95933,13.21094,12.4881,11.79078,11.1189,10.47229,9.850757,9.255198,8.689818,8.153819,7.646378,7.166657,6.713808,6.28697,5.885279,5.507864,5.153854,4.820474,4.49953,4.190887,3.894388,3.609854,3.337087,3.075874,2.825987,2.587183,2.359209,2.142982,1.94276,1.757816,1.587439,1.430931,1.28761,1.156808,1.037875,0.9301783,0.8331022,0.7457047,0.6660884,0.593822,0.5284876,0.4696803,0.4170088,0.3700948,0.3285739,0.2920946,0.2603192,0.2336825,0.2147844,0.2030394,0.1978868,0.1987909,0.2052403,0.2167472,0.2328479,0.2531015,0.2770893,0.3034037,0.327792,0.3502824,0.3709073,0.3897026,0.4067071,0.4219626,0.4355132,0.4474054,0.4576872,0.4672236,0.4791906,0.4933317,0.5094049,0.5271814,0.5464453,0.566994,0.5886369,0.6111956,0.6345031,0.6569175,0.6725965,0.6819674,0.6854438,0.6834246,0.676295,0.6644261,0.6481743,0.6278822,0.6038781,0.578143,0.5573664,0.5412055,0.5293303,0.5214246,0.5171856,0.5163232,0.5185607,0.5236336,0.5312901,0.5414681,0.5546213,0.5704665,0.5887343,0.6091694,0.6315301,0.6555879,0.6811268,0.7079437,0.7358473,0.764308,0.7918158,0.818346,0.8438784,0.8683975,0.8918919,0.9143543,0.9357811,0.9561721,0.9755303,0.9933347,1.007574,1.018459,1.026194,1.030976,1.032997,1.032441,1.029487,1.024307,1.017065,1.006801,0.9893715,0.9653458,0.9352701,0.8996661,0.8590322,0.8138431,0.764551,0.7115854,0.6553543,0.5960757,0.5334697,0.4679451,0.3998886,0.3296653,0.2576186,0.1840716,0.1093276,0.03367038,-0.04263468,-0.1168317,-0.1790708,-0.2300882,-0.2705958,-0.3012807,-0.3228056,-0.3358085,-0.3409032,-0.3386789,-0.3297008,-0.3173975,-0.3133585,-0.3169857,-0.3277042,-0.3449631,-0.3682346,-0.3970138,-0.4308183,-0.4691882,-0.5116852,-0.5549272,-0.5871475,-0.609093,-0.621483,-0.6250091,-0.6203352,-0.6080982,-0.5889078,-0.5633472,-0.5319731,-0.4970115,-0.4654668,-0.4371785,-0.4119891,-0.3897443,-0.3702931,-0.3534882,-0.3391858,-0.3272462,-0.3175333,-0.3103028,-0.3069133,-0.3070942,-0.3105853,-0.3171366,-0.3265082,-0.3384705,-0.3528038,-0.3692983,-0.3877537,-0.4061389,-0.4172142,-0.4215039,-0.4195119,-0.4117214,-0.3985952,-0.3805761,-0.3580869,-0.3315312,-0.3012932,-0.2676546,-0.230641,-0.1906134,-0.147914,-0.1028667,-0.05577761,-0.006935216,0.04338869,0.09493876,0.1474754,0.1983114,0.2377922,0.2666548,0.2856106,0.2953449,0.2965171,0.2897607,0.2756839,0.2548693,0.2278749,0.1968033,0.168183,0.1419047,0.117861,0.09594635,0.07605751,0.05809345,0.04195553,0.02754754,0.01477585,0.002891211,-0.01071866,-0.02589034,-0.04246833,-0.06030482,-0.07925958,-0.09919979,-0.1199997,-0.1415408,-0.1637111,-0.1868997,-0.2129032,-0.2414418,-0.2722498,-0.3050749,-0.3396783,-0.375834,-0.4133288,-0.4519618,-0.4915438,-0.5297329,-0.5580628,-0.5771971,-0.5877751,-0.5904117,-0.5856974,-0.5741987,-0.5564586,-0.5329962,-0.5043076,-0.470377,-0.4297794,-0.383129,-0.3310106,-0.2739802,-0.2125657,-0.1472677,-0.07855953,-0.006888849,0.06732225,0.1437763,0.2224829,0.3030539,0.385125,0.468355,0.5524254,0.637039,0.7219195,0.8068107,0.8914756,0.974384,1.050306,1.119554,1.182435,1.239251,1.290299,1.335868,1.376242,1.411697,1.442502,1.470273,1.500451,1.532771,1.566982,1.602846,1.640141,1.678654,1.718189,1.758558,1.799587,1.838927,1.868041,1.887614,1.898308,1.900759,1.895578,1.883351,1.86464,1.839983,1.809893,1.775369,1.738819,1.700498,1.660644,1.619482,1.577225,1.534071,1.490208,1.44581,1.401041,1.354152,1.297997,1.233426,1.161248,1.082235,0.9971166,0.9065866,0.8113011,0.7118801,0.6089085,0.5051882,0.4098684,0.322583,0.242971,0.1706774,0.1053537,0.04665834,-0.00574302,-0.05217705,-0.09296241,-0.128888,-0.1620906,-0.1926823,-0.2207741,-0.2464757,-0.2698953,-0.291139,-0.3103116,-0.3275155,-0.3428509,-0.3565775,-0.3694106,-0.3813821,-0.3925242,-0.4028687,-0.4124476,-0.4212926,-0.429435,-0.4369058,-0.4437356,-0.4507342,-0.4609202,-0.4740275,-0.4898023,-0.5080021,-0.5283961,-0.5507649,-0.5748998,-0.6006034,-0.6276885,-0.653101,-0.6656405,-0.6662391,-0.6557917,-0.6351565,-0.6051555,-0.5665749,-0.5201657,-0.4666441,-0.4066921,-0.3413272,-0.2725789,-0.2008917,-0.1266851,-0.05035405,0.0277302,0.1072194,0.1877877,0.2691303,0.3509635,0.429906,0.4937586,0.5434753,0.5799773,0.6041529,0.6168582,0.6189165,0.6111189,0.5942245,0.5689602,0.5369148,0.5021764,0.4650416,0.4257913,0.3846914,0.3419931,0.2979331,0.2527342,0.206606,0.1597446,0.1119575,0.06197362,0.01009496,-0.04339368,-0.09822444,-0.1541458,-0.210922,-0.2683327,-0.3261723,-0.3842492,-0.4428564,-0.5036339,-0.5662516,-0.6303992,-0.6957851,-0.7621365,-0.8291984,-0.8967328,-0.9645183,-1.032349,-1.09814,-1.154444,-1.201817,-1.240799,-1.271912,-1.29566,-1.312531,-1.322994,-1.3275,-1.326486,-1.319276,-1.302086,-1.27571,-1.240912,-1.19842,-1.148929,-1.093101,-1.031565,-0.9649205,-0.8937356,-0.8192881,-0.7449245,-0.6708451,-0.597234,-0.5242605,-0.4520793,-0.3808315,-0.3106451,-0.2416356,-0.1739064,-0.1100676,-0.0598561,-0.02239017,0.003180968,0.01767709,0.02188704,0.01656893,0.002450323,-0.01977143,-0.04942888,-0.0850385,-0.1227489,-0.1622998,-0.2034451,-0.2459528,-0.2896043,-0.3341944,-0.3795303,-0.4254319,-0.4717306,-0.5184309,-0.5660052,-0.6142571,-0.6630033,-0.7120725,-0.7613056,-0.810555,-0.8596839,-0.908566,-0.9570854,-1.003426,-1.040936,-1.070174,-1.09168,-1.105974,-1.113558,-1.114914,-1.110505,-1.100777,-1.086155,-1.06667,-1.041265,-1.010456,-0.9747334,-0.9345636,-0.8903918,-0.8426401,-0.7917093,-0.7379787,-0.681807,-0.6258311,-0.579184,-0.5412955,-0.5116141,-0.4896075,-0.4747616,-0.4665815,-0.4645909,-0.4683321,-0.477366,-0.48982,-0.4997241,-0.5072427,-0.512535,-0.515754,-0.5170467,-0.5165548,-0.5144139,-0.5107542,-0.5057,-0.500564,-0.5000378,-0.5037776,-0.5114537,-0.5227501,-0.5373647,-0.5550091,-0.5754076,-0.5982981,-0.6234308,-0.6491199,-0.6695842,-0.6851593,-0.6961691,-0.7029258,-0.7057297,-0.7048697,-0.7006231,-0.6932555,-0.6830215,-0.6696116,-0.6511394,-0.6280355,-0.6007109,-0.5695576,-0.5349487,-0.4972388,-0.4567645,-0.4138448,-0.3687817,-0.3242226,-0.2894964,-0.2639619,-0.2470004,-0.2380164,-0.2364369,-0.2417114,-0.2533118,-0.2707324,-0.2934889,-0.3182055,-0.333269,-0.3393617,-0.3371396,-0.3272322,-0.3102429,-0.2867497,-0.2573047,-0.2224353,-0.1826441,-0.1413802,-0.1104895,-0.08927915,-0.07708193,-0.07325564,-0.07718325,-0.08827259,-0.1059562,-0.1296908,-0.1589575,-0.1911225,-0.2175141,-0.2384922,-0.2544048,-0.2655876,-0.272364,-0.2750455,-0.2739313,-0.2693087,-0.2614533,-0.251183,-0.2408753,-0.2305613,-0.2202694,-0.210026,-0.1998555,-0.1897801,-0.1798201,-0.169994,-0.1603187,-0.1520308,-0.1498287,-0.1532619,-0.1618982,-0.1753235,-0.1931416,-0.2149737,-0.2404587,-0.2692521,-0.3010263,-0.3348649,-0.3681514,-0.4008354,-0.4328717,-0.4642203,-0.4948459,-0.5247182,-0.553811,-0.5821021,-0.6095735,-0.6351756,-0.6549287,-0.6692165,-0.678409,-0.6828628,-0.6829204,-0.6789111,-0.6711508,-0.6599417,-0.6455732,-0.629748,-0.6181998,-0.6106396,-0.6067894,-0.6063815,-0.6091592,-0.614876,-0.623296,-0.6341934,-0.6473528,-0.6599806,-0.6619577,-0.6540776,-0.6371011,-0.6117569,-0.5787427,-0.5387244,-0.4923378,-0.4401881,-0.3828515,-0.3236407,-0.2736812,-0.2324173,-0.1993111,-0.1738426,-0.1555097,-0.1438283,-0.1383324,-0.1385738,-0.1441219,-0.1542934,-0.1676546,-0.1839299,-0.2028562,-0.2241828,-0.2476712,-0.2730947,-0.3002382,-0.3288981,-0.3588818,-0.3883492,-0.4107701,-0.4266111,-0.4363216,-0.4403344,-0.4390655,-0.4329141,-0.4222631,-0.4074789,-0.388912,-0.3685699,-0.3531873,-0.3424346,-0.3359941,-0.3335602,-0.3348391,-0.339549,-0.3474195,-0.358192,-0.3716191,-0.3871475,-0.4033349,-0.4200873,-0.4373162,-0.4549382,-0.4728752,-0.4910543,-0.5094069,-0.5278695,-0.5463828,-0.5658399,-0.5898261,-0.6179355,-0.6497813,-0.6849958,-0.7232292,-0.7641498,-0.8074434,-0.8528125,-0.8999768,-0.9479315,-0.9935904,-1.037,-1.078208,-1.117267,-1.154231,-1.189154,-1.222094,-1.253108,-1.282255,-1.307711,-1.32231,-1.326827,-1.322003,-1.308555,-1.287164,-1.258487,-1.223148,-1.181744,-1.134846,-1.08252,-1.023458,-0.9583297,-0.8877698,-0.8123804,-0.7327322,-0.6493647,-0.5627869,-0.4734792,-0.3818931,-0.2882313,-0.192042,-0.09378091,0.006125119,0.1072766,0.2093005,0.3118494,0.4146005,0.5172548,0.6195358,0.7182568,0.8019394,0.8714801,0.9277467,0.9715787,1.003787,1.025154,1.036434,1.038351,1.031601,1.016183,0.9901659,0.9544157,0.9097613,0.8569935,0.7968665,0.7300985,0.6573721,0.579335,0.4966014,0.4122305,0.3362743,0.2683125,0.2079342,0.1547386,0.1083352,0.06834409,0.03439626,0.006133666,-0.01679054,-0.03513933,-0.05087603,-0.06415165,-0.0751127,-0.08390108,-0.09065415,-0.0955046,-0.09858043,-0.100005,-0.09989709,-0.09937328,-0.1023876,-0.1086656,-0.1179442,-0.129972,-0.1445089,-0.1613261,-0.1802053,-0.2009393,-0.2233313,-0.2466678,-0.2687521,-0.2896167,-0.309295,-0.3278211,-0.3452299,-0.3615566,-0.3768369,-0.3911068,-0.4044023,-0.4166977,-0.4277923,-0.4377454,-0.4466147,-0.4544567,-0.4613267,-0.4672785,-0.4723643,-0.4766349,-0.4801395,-0.4835491,-0.4892998,-0.4972003,-0.5070677,-0.5187272,-0.5320126,-0.5467654,-0.5628351,-0.5800787,-0.5983608,-0.6150964,-0.6207426,-0.616115,-0.6019971,-0.5791393,-0.5482602,-0.5100462,-0.4651529,-0.4142051,-0.3577971,-0.2963411,-0.2297858,-0.1586974,-0.08361185,-0.005036279,0.07655075,0.1606982,0.2469819,0.3350032,0.4243891,0.5117753,0.5852747,0.6457253,0.6939384,0.7306982,0.7567616,0.772858,0.7796901,0.7779333,0.768236,0.7516382,0.7303386,0.7047483,0.6752595,0.6422459,0.6060629,0.5670482,0.5255218,0.481787,0.4361303,0.3886015,0.3386087,0.2864754,0.2325062,0.1769883,0.1201916,0.0623693,0.003758493,-0.05541933,-0.1149577,-0.1751168,-0.2374526,-0.3016292,-0.3673308,-0.4342612,-0.502143,-0.570717,-0.6397414,-0.7089916,-0.7782589,-0.8445629,-0.897037,-0.9365726,-0.9640303,-0.9802392,-0.9859974,-0.9820721,-0.9691997,-0.9480858,-0.9194064,-0.8839124,-0.842623,-0.7960863,-0.7448241,-0.6893319,-0.6300801,-0.567514,-0.5020549,-0.4341006,-0.3640257,-0.2935957,-0.2285589,-0.1686909,-0.1137699,-0.06357701,-0.01789686,0.02348221,0.06076785,0.09416341,0.1238677,0.1484355,0.1617694
1.973067,1.775176,1.597872,1.439571,1.29878,1.174091,1.064177,0.9677933,0.8837695,0.8138661,0.7539063,0.7029284,0.6600363,0.6243961,0.5952334,0.57183,0.5535215,0.5396938,0.5297815,0.5207365,0.514868,0.5117404,0.5109552,0.5121478,0.5149869,0.5191712,0.5244281,0.5305119,0.5372018,0.5435672,0.5502408,0.5570675,0.5639107,0.5706505,0.5771831,0.583419,0.5892819,0.5947081,0.5996447,0.6071052,0.6136875,0.6193653,0.6241212,0.6279466,0.6308403,0.6328079,0.6338606,0.6340155,0.6332938,0.6281918,0.622629,0.6166391,0.6102564,0.6035155,0.5964507,0.5890964,0.5814862,0.5736535,0.5656308,0.5590549,0.5521865,0.5450545,0.5376868,0.5301115,0.5223558,0.5144462,0.5064085,0.4982676,0.4900474,0.4801258,0.4703383,0.4607067,0.4512505,0.4419877,0.432934,0.4241036,0.4155087,0.40716,0.3990665,0.3939061,0.388741,0.3835742,0.3784091,0.3732491,0.3680978,0.3629588,0.3578354,0.3527313,0.3476497,0.3409435,0.3344354,0.3281293,0.3220279,0.3161331,0.310446,0.3049665,0.2996939,0.2946268,0.289763,0.2855802,0.2815455,0.2776547,0.2739035,0.2702876,0.2668023,0.263443,0.2602048,0.257083,0.2540725,0.2501073,0.2463524,0.2428034,0.2394554,0.236303,0.2333406,0.2305617,0.2279601,0.2255289,0.2232611,0.222563,0.2218693,0.2211718,0.2204631,0.2197366,0.2189862,0.2182066,0.2173928,0.2165408,0.2156466,0.2135682,0.2115584,0.2096156,0.207738,0.2059234,0.2041697,0.2024745,0.2008354,0.1992498,0.1977151,0.1983056,0.198729,0.1989815,0.1990605,0.1989643,0.1986922,0.1982446,0.1976223,0.1968272,0.1958617,0.1924001,0.1890133,0.1857067,0.1824847,0.1793512,0.1763089,0.1733603,0.1705072,0.1677505,0.165091,0.1622802,0.1595919,0.1570254,0.1545797,0.1522533,0.1500444,0.1479506,0.1459697,0.1440987,0.1423346,0.1411632,0.1400422,0.1389676,0.1379358,0.1369433,0.1359869,0.1350633,0.1341697,0.1333031,0.1324608,0.1323766,0.1322364,0.1320376,0.1317781,0.1314563,0.131071,0.1306215,0.1301077,0.1295294,0.1288872,0.1297477,0.1303854,0.1308008,0.1309952,0.130971,0.1307314,0.1302806,0.1296233,0.1287649,0.1277113,0.1267042,0.125491,0.1240786,0.1224746,0.1206867,0.1187228,0.1165915,0.1143009,0.1118599,0.1092769,0.1030543,0.09706637,0.0913238,0.08583521,0.08060739,0.07564544,0.07095287,0.06653173,0.06238277,0.05850549,0.05893401,0.0592166,0.05934752,0.05932235,0.05913802,0.05879261,0.05828527,0.05761613,0.05678623,0.0557974,0.05050739,0.04548879,0.0407477,0.03628846,0.03211379,0.0282249,0.02462166,0.02130269,0.01826548,0.01550649,0.01539013,0.01529964,0.01522769,0.01516762,0.0151134,0.01505957,0.01500124,0.01493404,0.01485409,0.01475797,0.01518458,0.01553395,0.01580357,0.01599157,0.01609671,0.01611825,0.016056,0.01591018,0.01568146,0.01537087,0.01240698,0.009627807,0.007036725,0.004635943,0.002426591,0.0004088152,-0.001418135,-0.003055825,-0.004506555,-0.005773284,-0.006976845,-0.007992012,-0.008823252,-0.009475499,-0.009954091,-0.01026471,-0.01041335,-0.01040622,-0.01024976,-0.009950542,-0.006072446,-0.002417746,0.001004805,0.004188319,0.007127644,0.009819221,0.01226096,0.01445211,0.01639315,0.01808569,0.01733812,0.01657295,0.01579575,0.01501162,0.01422522,0.01344077,0.0126621,0.01189265,0.01113551,0.01039342,0.01058878,0.01070953,0.01075698,0.01073274,0.01063857,0.01047648,0.01024861,0.009957237,0.009604775,0.009193733,0.009417599,0.009517343,0.009495273,0.009354107,0.009096924,0.008727125,0.008248379,0.007664598,0.006979886,0.006198515,0.002299537,-0.001377275,-0.004825639,-0.008040876,-0.01101979,-0.01376056,-0.01626258,-0.01852641,-0.02055365,-0.02234681,-0.02459305,-0.02654267,-0.02820007,-0.02957065,-0.03066066,-0.03147709,-0.03202764,-0.03232055,-0.03236458,-0.0321689,-0.03188272,-0.03136181,-0.0306161,-0.02965572,-0.02849102,-0.02713241,-0.02559041,-0.02387553,-0.02199825,-0.019969,-0.0159649,-0.0120171,-0.008136662,-0.004333424,-0.0006161115,0.003007621,0.006531115,0.009948652,0.0132554,0.01644733,0.01763061,0.01888697,0.0202156,0.02161528,0.02308439,0.02462101,0.0262229,0.02788759,0.02961238,0.03139439,0.03628692,0.04091739,0.04528082,0.04937381,0.05319448,0.05674226,0.06001782,0.06302297,0.06576052,0.06823421,0.06974032,0.07106497,0.07221451,0.07319544,0.07401446,0.07467834,0.07519391,0.07556809,0.07580777,0.07591985,0.07856768,0.08082944,0.08271033,0.08421694,0.08535706,0.08613953,0.08657415,0.08667154,0.08644301,0.08590046,0.08191013,0.07795328,0.07404481,0.07019812,0.0664252,0.06273673,0.0591421,0.05564954,0.05226619,0.04899812,0.04651926,0.04409649,0.0417328,0.03943076,0.03719253,0.03501993,0.0329144,0.03087708,0.02890879,0.0270101,0.02540716,0.02385099,0.02234129,0.02087766,0.01945964,0.01808669,0.01675821,0.01547354,0.01423197,0.01303273,0.01296457,0.01282548,0.01261396,0.0123291,0.01197047,0.01153813,0.01103259,0.0104547,0.009805675,0.009087042,0.004278875,-0.0001831011,-0.004294386,-0.008052503,-0.01145683,-0.01450843,-0.0172099,-0.01956524,-0.02157968,-0.02325959,-0.0240971,-0.02466844,-0.02498289,-0.02505012,-0.02488013,-0.02448313,-0.02386954,-0.02304991,-0.02203485,-0.02083501,-0.01510361,-0.009654999,-0.004502101,0.0003446679,0.004877223,0.00908963,0.01297794,0.01654001,0.0197754,0.02268516,0.02402391,0.025171,0.02613195,0.02691262,0.02751913,0.02795784,0.02823529,0.02835817,0.02833328,0.02816748,0.02839355,0.02843868,0.02830947,0.02801279,0.0275557,0.0269454,0.02618922,0.02529455,0.02426884,0.02311952,0.02251183,0.02172794,0.02077475,0.01965946,0.01838945,0.01697228,0.01541561,0.01372718,0.01191477,0.009986145,0.005298762,0.0007820915,-0.003554779,-0.007704323,-0.01166047,-0.0154185,-0.01897493,-0.02232745,-0.02547478,-0.02841664,-0.03267939,-0.03658236,-0.04012686,-0.04331567,-0.04615292,-0.04864396,-0.05079524,-0.05261419,-0.05410906,-0.0552889,-0.05512887,-0.05477967,-0.05425259,-0.05355871,-0.05270893,-0.0517139,-0.05058403,-0.04932945,-0.04796004,-0.04648533,-0.04139518,-0.03657845,-0.03204576,-0.02780543,-0.02386371,-0.02022495,-0.01689171,-0.01386491,-0.01114402,-0.008727139,-0.007793036,-0.007034556,-0.006445831,-0.006020764,-0.005753066,-0.005636296,-0.005663901,-0.005829248,-0.006125658,-0.006546433,-0.006859504,-0.00730668,-0.007881486,-0.008577401,-0.009387885,-0.01030641,-0.01132647,-0.01244162,-0.01364551,-0.01493186,-0.01868398,-0.0222616,-0.02565747,-0.0288658,-0.03188219,-0.03470343,-0.03732751,-0.03975343,-0.04198119,-0.04401166,-0.04637323,-0.04848762,-0.05035756,-0.05198666,-0.05337933,-0.05454064,-0.0554763,-0.05619254,-0.05669607,-0.05699397,-0.05388099,-0.05090665,-0.04808068,-0.04541123,-0.04290499,-0.04056727,-0.03840212,-0.03641241,-0.03459994,-0.03296555,-0.03353847,-0.03408058,-0.03458911,-0.0350617,-0.03549641,-0.03589169,-0.03624633,-0.03655943,-0.03683041,-0.03705894,-0.0355763,-0.03422224,-0.03299804,-0.03190427,-0.03094083,-0.03010701,-0.02940156,-0.02882273,-0.02836832,-0.02803572,-0.02984731,-0.03156706,-0.03319031,-0.03471326,-0.03613296,-0.03744719,-0.03865442,-0.03975378,-0.04074494,-0.04162814,-0.04317644,-0.04453953,-0.04571851,-0.04671526,-0.04753238,-0.04817307,-0.04864109,-0.04894072,-0.04907664,-0.04905392,-0.04557562,-0.04228802,-0.03919886,-0.03631428,-0.03363888,-0.03117589,-0.02892726,-0.02689379,-0.02507518,-0.02347018,-0.02614892,-0.02861905,-0.03087465,-0.03291137,-0.03472636,-0.03631808,-0.03768625,-0.0388317,-0.03975627,-0.04046271,-0.03680256,-0.03335752,-0.0301349,-0.02714031,-0.02437778,-0.0218499,-0.01955795,-0.01750197,-0.01568092,-0.01409275,-0.01572328,-0.01727381,-0.01873817,-0.02011117,-0.02138858,-0.02256697,-0.02364375,-0.02461705,-0.02548564,-0.02624895,-0.02613216,-0.02598989,-0.02582354,-0.02563448,-0.02542409,-0.0251937,-0.02494465,-0.02467826,-0.02439579,-0.02409852,-0.02208004,-0.0202241,-0.0185328,-0.01700731,-0.01564787,-0.01445394,-0.01342423,-0.01255679,-0.01184907,-0.01129799,-0.011746,-0.01225646,-0.01282456,-0.01344562,-0.01411514,-0.01482876,-0.01558229,-0.01637168,-0.01719306,-0.01804273,-0.02036378,-0.02255799,-0.02462134,-0.02655075,-0.02834403,-0.02999978,-0.03151736,-0.03289682,-0.03413879,-0.03524452,-0.03422189,-0.03327116,-0.03239606,-0.03159956,-0.03088398,-0.03025102,-0.02970179,-0.02923688,-0.02885641,-0.02856007,-0.03196421,-0.03508015,-0.03790449,-0.04043548,-0.04267296,-0.04461814,-0.04627356,-0.04764287,-0.04873078,-0.04954294,-0.04621969,-0.04303036,-0.03998493,-0.03709182,-0.03435796,-0.03178896,-0.02938913,-0.02716165,-0.02510861,-0.02323113,-0.02190783,-0.02072091,-0.0196688,-0.01874947,-0.01796046,-0.01729893,-0.01676173,-0.01634541,-0.01604628,-0.01586042,-0.01810152,-0.02021015,-0.02218063,-0.02400848,-0.0256903,-0.02722371,-0.02860724,-0.02984026,-0.03092291,-0.03185606,-0.03030265,-0.02884284,-0.0274805,-0.02621869,-0.02505971,-0.02400518,-0.02305605,-0.02221269,-0.02147492,-0.0208421,-0.02075676,-0.02072833,-0.02075468,-0.02083364,-0.02096297,-0.02114038,-0.02136356,-0.02163016,-0.02193784,-0.02228424,-0.02134175,-0.02056908,-0.01996469,-0.01952633,-0.01925113,-0.01913567,-0.01917606,-0.01936794,-0.0197066,-0.02018701,-0.02183812,-0.02351418,-0.0252089,-0.02691638,-0.02863116,-0.03034815,-0.03206266,-0.03377035,-0.03546723,-0.03714965,-0.04144813,-0.045456,-0.04916901,-0.05258469,-0.05570211,-0.05852179,-0.06104557,-0.06327646,-0.06521856,-0.06687691,-0.0689213,-0.0706265,-0.07199947,-0.0730481,-0.07378111,-0.07420795,-0.07433867,-0.07418387,-0.07375456,-0.07306214,-0.07242769,-0.07152193,-0.07035671,-0.0689441,-0.06729639,-0.06542595,-0.06334523,-0.06106668,-0.05860268,-0.05596554,-0.04906878,-0.04244289,-0.03610198,-0.03005765,-0.0243192,-0.01889381,-0.01378666,-0.009001107,-0.004538852,-0.0004000451,0.004353741,0.008691847,0.01261743,0.01613518,0.01925121,0.02197287,0.02430864,0.02626797,0.02786118,0.02909934,0.02653025,0.0239849,0.02147795,0.01902248,0.01663017,0.01431129,0.01207487,0.009928728,0.00787955,0.005932986,0.004691181,0.003499232,0.002359734,0.001274835,0.0002462649,-0.0007246329,-0.001636873,-0.002489802,-0.003283069,-0.004016606,-0.003289239,-0.0026463,-0.002089205,-0.001618798,-0.001235394,-0.0009388278,-0.0007285011,-0.0006034223,-0.0005622468,-0.0006033155,-0.001460989,-0.002321359,-0.003181612,-0.004039154,-0.0048916,-0.005736765,-0.006572655,-0.007397464,-0.008209555,-0.009007464,-0.009876126,-0.0107193,-0.01153592,-0.0123251,-0.01308613,-0.01381846,-0.01452166,-0.01519548,-0.01583976,-0.01645447,-0.01616852,-0.01594249,-0.01577716,-0.01567287,-0.01562964,-0.01564712,-0.01572471,-0.01586151,-0.01605639,-0.01630803,-0.02004933,-0.02349234,-0.02663333,-0.02947028,-0.03200281,-0.034232,-0.03616026,-0.03779121,-0.03912954,-0.04018091,-0.04116593,-0.04185588,-0.04225856,-0.0423825,-0.0422368,-0.04183107,-0.04117534,-0.04027999,-0.03915567,-0.03781323,-0.03204941,-0.02652128,-0.02124233,-0.01622374,-0.01147453,-0.007001731,-0.002810515,0.00109564,0.004714829,0.00804658,0.01050732,0.01274337,0.01475815,0.01655576,0.01814088,0.01951869,0.02069484,0.02167535,0.02246657,0.02307516,0.02381651,0.02435755,0.02470529,0.02486703,0.02485028,0.02466274,0.02431222,0.02380662,0.02315389,0.022362,0.02207094,0.02159181,0.02093208,0.02009944,0.01910182,0.01794725,0.0166439,0.01519995,0.01362365,0.01192321,0.006210579,0.0007891782,-0.004330819,-0.009141495,-0.01363702,-0.01781351,-0.02166882,-0.02520245,-0.02841537,-0.0313099,-0.03374289,-0.0358807,-0.03772903,-0.03929438,-0.04058395,-0.04160555,-0.04236753,-0.04287869,-0.04314819,-0.04318551,-0.04102574,-0.03885571,-0.0366866,-0.03452855,-0.03239077,-0.0302816,-0.02820848,-0.02617809,-0.02419632,-0.02226838,-0.01810727,-0.01424313
-2.629616,-1.575761,-0.5942495,0.3175611,1.162312,1.942632,2.661137,3.320417,3.923034,4.468143,4.959794,5.400577,5.79303,6.139639,6.442832,6.704979,6.928387,7.115301,7.267901,7.391289,7.486133,7.554289,7.597551,7.617649,7.616249,7.594953,7.5553,7.498763,7.426757,7.3415,7.24388,7.135093,7.016274,6.888505,6.752809,6.610157,6.461467,6.307605,6.149385,5.983965,5.813732,5.639508,5.462065,5.282129,5.100377,4.91744,4.733908,4.550328,4.367207,4.189183,4.01476,3.844162,3.677585,3.515199,3.35715,3.203559,3.054526,2.91013,2.770432,2.633576,2.500463,2.371182,2.245801,2.124375,2.006942,1.893526,1.784139,1.678779,1.577434,1.482026,1.391623,1.306106,1.225348,1.149219,1.077585,1.010309,0.947252,0.8882736,0.8332313,0.7788255,0.7263711,0.6758542,0.6272568,0.5805568,0.5357288,0.4927439,0.4515705,0.4121741,0.3745182,0.340515,0.3092229,0.2805203,0.2542869,0.2304047,0.2087574,0.1892314,0.1717152,0.1561,0.1422797,0.1295829,0.1181716,0.1079717,0.09891102,0.09091961,0.08392989,0.07787643,0.07269609,0.06832802,0.06471372,0.06305141,0.06270764,0.06357939,0.06556779,0.06857807,0.07251965,0.07730591,0.0828543,0.08908626,0.09592705,0.101635,0.1069146,0.1117708,0.1162093,0.1202368,0.1238609,0.1270898,0.1299326,0.1323987,0.134498,0.1375876,0.1410564,0.1448604,0.148958,0.15331,0.1578791,0.1626304,0.1675311,0.1725504,0.1776594,0.1803764,0.1818101,0.1820377,0.1811343,0.1791728,0.1762242,0.1723571,0.1676378,0.1621303,0.1558965,0.1517487,0.1484727,0.1460106,0.1443068,0.1433073,0.1429604,0.143216,0.1440264,0.1453454,0.1471292,0.1496291,0.1526695,0.1561999,0.1601723,0.164541,0.1692624,0.1742953,0.1796003,0.1851406,0.190881,0.1962103,0.2013646,0.2063384,0.211127,0.2157268,0.220135,0.2243494,0.2283689,0.2321927,0.2358208,0.2383837,0.2402843,0.24156,0.242247,0.2423808,0.2419959,0.2411259,0.2398032,0.2380593,0.2359247,0.2315775,0.2259012,0.2189988,0.2109693,0.2019081,0.1919063,0.1810514,0.1694272,0.1571133,0.144186,0.1304393,0.1160706,0.1011565,0.08576981,0.0699793,0.05385015,0.03744385,0.02081833,0.00402804,-0.01287595,-0.02570084,-0.03631646,-0.04485084,-0.0514286,-0.05617083,-0.05919505,-0.06061509,-0.06054107,-0.05907936,-0.05633251,-0.05716992,-0.05948308,-0.06316797,-0.06812414,-0.07425468,-0.08146629,-0.08966928,-0.09877752,-0.1087085,-0.1193831,-0.1258264,-0.1302293,-0.1327237,-0.1334374,-0.1324939,-0.1300123,-0.1261077,-0.1208907,-0.1144678,-0.106941,-0.1012084,-0.09607022,-0.09150134,-0.08747679,-0.08397183,-0.08096199,-0.07842315,-0.07633155,-0.07466385,-0.07339717,-0.0731497,-0.07360367,-0.07471156,-0.07642736,-0.07870663,-0.08150651,-0.08478572,-0.08850458,-0.09262499,-0.09711042,-0.0988846,-0.09931884,-0.09850569,-0.09653455,-0.09349161,-0.08945992,-0.08451927,-0.07874633,-0.07221454,-0.06499421,-0.05701388,-0.04840169,-0.03922438,-0.02954547,-0.01942535,-0.008921302,0.001912425,0.01302453,0.02436662,0.03589312,0.04349139,0.04900101,0.05255091,0.05426625,0.05426836,0.0526747,0.04959876,0.04515006,0.03943413,0.03255247,0.02719639,0.02226139,0.01773089,0.0135884,0.009817504,0.006401932,0.003325584,0.0005725658,-0.001872772,-0.004025821,-0.006989176,-0.01027533,-0.01385425,-0.01769722,-0.02177683,-0.02606697,-0.0305428,-0.0351807,-0.03995831,-0.04485445,-0.05066583,-0.05699637,-0.0637949,-0.07101259,-0.07860292,-0.08652164,-0.09472671,-0.1031783,-0.1118387,-0.1206723,-0.1260693,-0.1296498,-0.1315306,-0.1318248,-0.1306415,-0.1280867,-0.1242621,-0.119266,-0.1131927,-0.1061328,-0.09736497,-0.0873457,-0.07618756,-0.06399824,-0.05088061,-0.03693274,-0.02224806,-0.006915314,0.008981238,0.0253618,0.04231609,0.0596966,0.07742952,0.09544529,0.1136785,0.1320679,0.150556,0.1690892,0.1876176,0.2060948,0.2223108,0.2372268,0.2508951,0.2633675,0.2746955,0.28493,0.2941214,0.3023192,0.3095722,0.3159284,0.3236695,0.331809,0.3403005,0.3490996,0.3581643,0.3674546,0.3769329,0.3865636,0.3963134,0.4061507,0.4124331,0.4168017,0.4193785,0.4202819,0.4196262,0.417522,0.4140761,0.4093911,0.4035659,0.3966953,0.3897077,0.3823034,0.3745315,0.3664385,0.3580685,0.349463,0.3406616,0.331701,0.3226163,0.31344,0.3010625,0.2869627,0.2712955,0.2542096,0.2358464,0.2163411,0.1958224,0.1744125,0.1522277,0.1293776,0.1096856,0.09153191,0.07485674,0.05960054,0.04570408,0.03310857,0.02175583,0.01158842,0.002549708,-0.00541599,-0.01315395,-0.02035257,-0.02703188,-0.03321191,-0.03891261,-0.04415378,-0.04895507,-0.05333591,-0.05731547,-0.06091263,-0.06441297,-0.06771138,-0.07081477,-0.07373006,-0.07646418,-0.079024,-0.08141639,-0.08364815,-0.08572598,-0.08765652,-0.0907343,-0.09437086,-0.0985198,-0.1031366,-0.1081786,-0.1136049,-0.1193765,-0.1254562,-0.1318084,-0.1383995,-0.1404432,-0.1401052,-0.1375512,-0.1329413,-0.1264299,-0.1181656,-0.1082913,-0.09694409,-0.08425543,-0.07035103,-0.05596009,-0.04091587,-0.02530261,-0.009200063,0.007316323,0.02417536,0.04130998,0.05865714,0.0761577,0.09375632,0.1062504,0.1159709,0.1230838,0.1277507,0.1301281,0.130368,0.1286174,0.1250181,0.1197073,0.1128168,0.1059486,0.09854333,0.0906575,0.08234492,0.07365672,0.06464144,0.05534503,0.04581095,0.03608022,0.02619146,0.01555934,0.004505042,-0.006914144,-0.01864399,-0.03063326,-0.04283366,-0.05519975,-0.06768884,-0.08026095,-0.09287869,-0.1062848,-0.1200878,-0.1342258,-0.1486403,-0.1632763,-0.1780821,-0.193009,-0.2080118,-0.2230478,-0.2380776,-0.2499315,-0.2600225,-0.2684473,-0.2753003,-0.2806737,-0.2846569,-0.2873369,-0.2887982,-0.2891224,-0.2883885,-0.2848691,-0.2794708,-0.2723381,-0.2636102,-0.2534203,-0.2418967,-0.2291618,-0.2153327,-0.2005214,-0.1848343,-0.1695957,-0.1543369,-0.1390994,-0.1239211,-0.1088375,-0.09388116,-0.07908181,-0.06446678,-0.05006089,-0.03588662,-0.02612454,-0.01887117,-0.01397236,-0.01127843,-0.01064427,-0.01192939,-0.01499801,-0.01971909,-0.02596637,-0.03361836,-0.04116124,-0.04912835,-0.05746965,-0.06613758,-0.07508715,-0.08427574,-0.09366317,-0.1032115,-0.1128852,-0.1226507,-0.1327433,-0.1430105,-0.1534143,-0.1639189,-0.1744907,-0.1850983,-0.1957126,-0.2063063,-0.2168544,-0.2273336,-0.2348977,-0.2408317,-0.2452333,-0.2481973,-0.2498158,-0.2501779,-0.2493701,-0.2474758,-0.2445753,-0.2407462,-0.2354403,-0.2290169,-0.2215699,-0.2131896,-0.2039624,-0.1939708,-0.1832935,-0.1720056,-0.1601784,-0.1478797,-0.1389715,-0.1317604,-0.1261485,-0.1220403,-0.1193431,-0.1179668,-0.117824,-0.1188301,-0.1209035,-0.1239653,-0.1255407,-0.1266646,-0.1273651,-0.1276691,-0.1276031,-0.1271926,-0.1264621,-0.1254354,-0.1241354,-0.1225842,-0.1227753,-0.1238181,-0.1256512,-0.1282156,-0.1314543,-0.1353126,-0.139738,-0.14468,-0.1500906,-0.1559235,-0.1597409,-0.1626064,-0.1645783,-0.1657131,-0.1660654,-0.1656884,-0.1646332,-0.1629495,-0.1606847,-0.157885,-0.1536814,-0.148538,-0.1425327,-0.1357402,-0.1282321,-0.1200769,-0.11134,-0.1020838,-0.0923676,-0.08224783,-0.0756817,-0.07091682,-0.06784137,-0.06634682,-0.066328,-0.06768313,-0.0703139,-0.07412546,-0.07902648,-0.08492909,-0.08693507,-0.08718701,-0.08580438,-0.08290275,-0.07859365,-0.07298458,-0.066179,-0.05827631,-0.04937189,-0.03955712,-0.03382755,-0.02999966,-0.02795219,-0.02756762,-0.02873218,-0.03133593,-0.03527277,-0.04044051,-0.04674079,-0.05407915,-0.05883196,-0.0625443,-0.06527777,-0.06709229,-0.06804609,-0.0681956,-0.06759553,-0.06629875,-0.06435628,-0.06181732,-0.05964511,-0.05746211,-0.05527451,-0.05308809,-0.05090818,-0.04873975,-0.04658737,-0.04445525,-0.04234726,-0.0402669,-0.04023597,-0.04132502,-0.04345405,-0.04654588,-0.05052619,-0.05532347,-0.06086905,-0.06709708,-0.07394454,-0.08135114,-0.08825932,-0.09507616,-0.1017904,-0.108392,-0.1148718,-0.1212217,-0.1274344,-0.1335037,-0.1394242,-0.1451912,-0.1490907,-0.1519093,-0.1537145,-0.1545717,-0.1545442,-0.1536935,-0.1520787,-0.149757,-0.1467832,-0.1432103,-0.1414459,-0.1404502,-0.1401731,-0.1405664,-0.1415833,-0.1431787,-0.145309,-0.1479323,-0.1510082,-0.1544981,-0.154089,-0.1517204,-0.1475332,-0.1416633,-0.1342419,-0.1253947,-0.1152427,-0.1039018,-0.09148298,-0.07809214,-0.06840065,-0.060394,-0.05397686,-0.04905628,-0.0455418,-0.04334548,-0.04238201,-0.04256877,-0.04382581,-0.04607593,-0.04879736,-0.05212504,-0.05600837,-0.0603988,-0.06524989,-0.07051719,-0.0761583,-0.0821328,-0.08840225,-0.0949301,-0.09894187,-0.1016703,-0.1031964,-0.1035989,-0.1029541,-0.1013355,-0.09881437,-0.09545916,-0.09133589,-0.08650795,-0.08380058,-0.08199526,-0.08103465,-0.08086316,-0.08142695,-0.08267402,-0.08455414,-0.08701893,-0.09002181,-0.09351806,-0.09694032,-0.1004897,-0.1041484,-0.1078994,-0.1117269,-0.1156158,-0.1195521,-0.1235224,-0.1275144,-0.1315164,-0.1370844,-0.1434847,-0.150644,-0.1584919,-0.1669613,-0.1759882,-0.1855114,-0.1954728,-0.2058171,-0.2164921,-0.2262256,-0.2355354,-0.2444274,-0.2529083,-0.2609852,-0.2686662,-0.2759595,-0.2828739,-0.2894187,-0.2956035,-0.2983246,-0.2990301,-0.2978579,-0.2949409,-0.2904077,-0.2843817,-0.2769822,-0.2683235,-0.258515,-0.247662,-0.23508,-0.2212272,-0.2062273,-0.1901979,-0.1732515,-0.1554947,-0.137029,-0.1179507,-0.09835067,-0.07831492,-0.05755873,-0.03632732,-0.01470728,0.007219869,0.02937757,0.05169406,0.07410222,0.09653942,0.1189474,0.1412722,0.1586186,0.1731784,0.1851074,0.1945578,0.2016774,0.2066102,0.2094958,0.2104696,0.2096625,0.2072011,0.2020994,0.1949868,0.1860215,0.1753559,0.1631358,0.1495011,0.1345857,0.1185172,0.1014176,0.08340269,0.06867753,0.05545537,0.04366772,0.03324696,0.0241265,0.01624085,0.009525755,0.003918284,-0.0006430898,-0.004218416,-0.007572473,-0.01043596,-0.01283526,-0.01479615,-0.0163438,-0.01750271,-0.01829673,-0.01874899,-0.01888196,-0.01871735,-0.01993272,-0.02178319,-0.02422053,-0.02719828,-0.03067182,-0.0345983,-0.03893667,-0.04364768,-0.0486938,-0.05403927,-0.05877963,-0.06328455,-0.06755888,-0.07160783,-0.07543679,-0.07905141,-0.08245752,-0.08566109,-0.08866823,-0.09148513,-0.09401611,-0.09631459,-0.09839112,-0.1002561,-0.1019197,-0.1033919,-0.1046827,-0.1058017,-0.1067582,-0.1075615,-0.1092503,-0.1113577,-0.1138499,-0.1166945,-0.1198606,-0.1233184,-0.1270394,-0.1309964,-0.1351636,-0.1395164,-0.1399714,-0.1383815,-0.134892,-0.1296428,-0.1227687,-0.1143996,-0.1046601,-0.09366976,-0.08154313,-0.06838971,-0.05406094,-0.03877335,-0.02263213,-0.0057373,0.01181613,0.02993811,0.0485434,0.0675515,0.08688653,0.1064771,0.1212744,0.1335167,0.143349,0.1509128,0.1563457,0.1597815,0.1613499,0.1611764,0.1593824,0.1560854,0.1520891,0.1471834,0.1414444,0.1349455,0.1277565,0.1199445,0.1115733,0.1027038,0.09339378,0.08369821,0.07330444,0.06243019,0.05113693,0.03948288,0.0275231,0.01530959,0.002891302,-0.009685703,-0.02237822,-0.03514582,-0.04869788,-0.06265411,-0.07695126,-0.09152962,-0.106333,-0.1213084,-0.1364063,-0.1515804,-0.1667872,-0.1819864,-0.1925348,-0.200525,-0.2061134,-0.2094518,-0.2106876,-0.2099633,-0.2074168,-0.203181,-0.1973843,-0.19015,-0.18177,-0.172278,-0.1617758,-0.1503608,-0.1381259,-0.1251597,-0.1115464,-0.09736608,-0.08269458,-0.06760374,-0.05449567,-0.04235622,-0.0311501,-0.02084195,-0.01139644,-0.002778367,0.005047269,0.01211516,0.01845961,0.0241145,0.02640438,0.02661317
4.870457,4.743228,4.624887,4.514935,4.412893,4.318291,4.230676,4.149607,4.074662,4.003393,3.937602,3.876892,3.820881,3.769204,3.721512,3.677472,3.63677,3.599103,3.564186,3.533554,3.505008,3.478325,3.453295,3.42972,3.407416,3.386209,3.365939,3.346453,3.327614,3.309813,3.29237,3.275179,3.258144,3.241178,3.224202,3.207145,3.189942,3.172536,3.154876,3.134738,3.114433,3.093906,3.07311,3.052004,3.030552,3.008724,2.986496,2.963848,2.940764,2.919751,2.898089,2.875798,2.852901,2.829423,2.805388,2.780823,2.755755,2.730212,2.704224,2.676674,2.648826,2.620699,2.592313,2.563687,2.534842,2.505799,2.47658,2.447207,2.417701,2.389258,2.360635,2.331864,2.302978,2.274007,2.244982,2.215932,2.186884,2.157865,2.1289,2.098108,2.067566,2.037277,2.007246,1.977475,1.947969,1.918732,1.889767,1.861078,1.832668,1.805718,1.778963,1.752418,1.726096,1.70001,1.674172,1.648593,1.623282,1.598251,1.573506,1.548713,1.524249,1.500117,1.476318,1.452855,1.429729,1.406942,1.384494,1.362385,1.340616,1.319943,1.299549,1.27944,1.259622,1.2401,1.220877,1.201957,1.183341,1.165033,1.147033,1.128334,1.110022,1.092088,1.074521,1.057312,1.040451,1.023929,1.007737,0.9918653,0.9763061,0.9618631,0.9476522,0.9336733,0.9199258,0.9064089,0.8931214,0.880062,0.8672292,0.8546211,0.8422355,0.8285887,0.8152748,0.8022768,0.7895786,0.7771648,0.7650208,0.7531328,0.7414876,0.7300726,0.7188762,0.7095487,0.7002891,0.691104,0.6819988,0.672979,0.6640493,0.6552143,0.6464778,0.6378435,0.6293147,0.6210716,0.6129256,0.6048809,0.5969408,0.5891085,0.5813867,0.5737779,0.5662838,0.5589063,0.5516468,0.5441572,0.5368145,0.5296156,0.5225577,0.5156379,0.5088532,0.5022007,0.4956773,0.4892803,0.4830065,0.476328,0.4698077,0.4634376,0.4572103,0.4511184,0.445155,0.4393136,0.4335879,0.4279721,0.4224606,0.4159306,0.4095812,0.4033966,0.3973623,0.3914646,0.3856908,0.3800289,0.374468,0.3689978,0.3636088,0.3581243,0.3527174,0.3473789,0.3421007,0.3368751,0.3316953,0.3265553,0.3214491,0.316372,0.3113193,0.3087889,0.3060818,0.3032191,0.3002209,0.2971064,0.2938932,0.2905983,0.2872375,0.2838254,0.280376,0.2740227,0.2678799,0.2619308,0.2561594,0.2505507,0.2450907,0.2397663,0.2345652,0.2294758,0.2244874,0.2225474,0.2204602,0.2182461,0.2159239,0.2135116,0.2110259,0.2084823,0.2058955,0.203279,0.2006454,0.196316,0.1921228,0.1880591,0.1841187,0.1802953,0.1765832,0.1729767,0.1694703,0.1660589,0.1627376,0.1591148,0.1556027,0.1521931,0.1488785,0.1456516,0.1425056,0.1394342,0.1364313,0.1334914,0.1306093,0.1296157,0.1285283,0.1273606,0.1261254,0.1248347,0.1234997,0.1221307,0.1207374,0.1193287,0.117913,0.1165815,0.115251,0.1139288,0.1126215,0.111335,0.1100747,0.1088455,0.1076519,0.1064975,0.105386,0.1018637,0.09858005,0.09551325,0.09264282,0.08994942,0.0874148,0.08502184,0.08275443,0.0805975,0.07853696,0.07812523,0.07766327,0.07715495,0.07660399,0.07601397,0.07538832,0.07473034,0.07404319,0.0733299,0.07259332,0.07117983,0.06979926,0.06844771,0.06712158,0.06581753,0.06453247,0.06326357,0.06200825,0.06076413,0.05952907,0.05780816,0.0561308,0.05449063,0.05288178,0.05129885,0.04973686,0.0481913,0.046658,0.04513323,0.04361359,0.04425461,0.04472783,0.04505179,0.045244,0.04532092,0.04529799,0.0451897,0.04500957,0.04477024,0.04448344,0.04464795,0.04474821,0.04479827,0.0448111,0.04479871,0.04477211,0.04474138,0.04471572,0.04470351,0.04471229,0.04484854,0.04501093,0.04520581,0.04543882,0.04571493,0.04603848,0.0464132,0.04684227,0.04732833,0.04787353,0.0471716,0.04663305,0.04624606,0.04599923,0.04588162,0.04588274,0.04599256,0.04620146,0.04650029,0.04688032,0.04868218,0.05044457,0.05217313,0.05387304,0.05554904,0.05720549,0.05884633,0.06047516,0.06209521,0.06370939,0.06313961,0.06273774,0.06248461,0.06236218,0.06235346,0.06244253,0.06261446,0.06285533,0.06315216,0.06349284,0.06437153,0.06523341,0.06607383,0.06688862,0.06767403,0.06842674,0.0691438,0.06982266,0.07046109,0.07105722,0.06971406,0.06847254,0.06731323,0.06621815,0.0651707,0.06415565,0.06315899,0.06216797,0.06117098,0.0601575,0.06136286,0.06235996,0.06316307,0.06378596,0.06424189,0.06454355,0.06470316,0.06473238,0.06464239,0.06444385,0.06366973,0.06284387,0.06197079,0.06105489,0.06010037,0.05911128,0.05809147,0.05704464,0.0559743,0.0548838,0.05361518,0.05234509,0.05107485,0.04980569,0.0485388,0.04727532,0.04601632,0.04476282,0.04351579,0.04227614,0.04026734,0.03832782,0.03645075,0.03462981,0.03285903,0.03113292,0.02944632,0.02779448,0.02617301,0.02457785,0.02587473,0.02696854,0.02788403,0.02864444,0.02927153,0.02978564,0.03020574,0.03054945,0.03083313,0.03107193,0.03091219,0.03076283,0.03063202,0.03052714,0.03045482,0.03042097,0.03043081,0.03048892,0.03059928,0.03076529,0.02788084,0.02529807,0.02298865,0.02092581,0.01908422,0.01744001,0.01597071,0.01465519,0.01347366,0.0124076,0.01233,0.0122655,0.01220776,0.012151,0.01208994,0.01201981,0.01193627,0.01183545,0.0117139,0.01156855,0.0110215,0.01047469,0.009922472,0.00935975,0.00878195,0.008184992,0.007565263,0.006919593,0.006245228,0.005539808,0.004331991,0.003125828,0.001915438,0.0006955325,-0.0005386091,-0.001791174,-0.003065844,-0.004365824,-0.005693871,-0.007052321,-0.00655215,-0.006232356,-0.0060758,-0.006066217,-0.006188188,-0.006427133,-0.00676928,-0.007201651,-0.007712036,-0.00828897,-0.007833106,-0.007507329,-0.007291703,-0.007167629,-0.007117799,-0.007126147,-0.0071778,-0.007259032,-0.007357217,-0.007460777,-0.008297245,-0.009061738,-0.009752723,-0.01036907,-0.01091004,-0.01137521,-0.01176452,-0.01207817,-0.01231667,-0.01248074,-0.01508245,-0.01741741,-0.01951139,-0.02138872,-0.02307238,-0.02458402,-0.02594398,-0.02717134,-0.02828396,-0.02929856,-0.02938742,-0.02947358,-0.02956226,-0.02965822,-0.02976573,-0.02988867,-0.03003048,-0.03019421,-0.03038255,-0.03059785,-0.03100294,-0.03142625,-0.03187077,-0.03233913,-0.03283356,-0.03335601,-0.0339081,-0.03449116,-0.03510626,-0.0357542,-0.03473069,-0.033873,-0.03316473,-0.03259036,-0.03213524,-0.03178556,-0.03152832,-0.03135134,-0.03124318,-0.03119315,-0.03081548,-0.03050581,-0.03025188,-0.03004232,-0.02986659,-0.02971496,-0.02957848,-0.02944894,-0.02931884,-0.02918136,-0.03132255,-0.03326708,-0.03503224,-0.03663441,-0.0380891,-0.039411,-0.04061395,-0.04171098,-0.04271435,-0.04363556,-0.04303748,-0.04249021,-0.04198906,-0.04152961,-0.04110768,-0.0407193,-0.04036079,-0.04002865,-0.03971962,-0.03943065,-0.04034945,-0.0411906,-0.0419632,-0.04267578,-0.04333634,-0.04395234,-0.04453072,-0.04507793,-0.04559996,-0.04610233,-0.04514512,-0.04428994,-0.04352703,-0.04284719,-0.04224169,-0.04170232,-0.04122137,-0.04079159,-0.04040619,-0.04005883,-0.03919252,-0.03839551,-0.03765732,-0.03696822,-0.03631918,-0.03570183,-0.03510845,-0.03453195,-0.03396582,-0.03340411,-0.0351976,-0.03680273,-0.03823797,-0.03952078,-0.04066762,-0.04169399,-0.04261446,-0.04344267,-0.0441914,-0.04487257,-0.04259178,-0.04048989,-0.03854823,-0.03674927,-0.03507648,-0.03351443,-0.03204865,-0.03066565,-0.02935286,-0.02809862,-0.02985458,-0.03141885,-0.032811,-0.03404953,-0.03515182,-0.03613422,-0.03701206,-0.03779971,-0.03851058,-0.03915714,-0.03761856,-0.03620322,-0.03490037,-0.0336998,-0.03259185,-0.03156743,-0.03061792,-0.02973524,-0.0289118,-0.02814045,-0.02796735,-0.02779065,-0.02760991,-0.02742479,-0.02723497,-0.0270402,-0.02684029,-0.02663508,-0.02642448,-0.02620842,-0.02720524,-0.02810222,-0.02891123,-0.02964341,-0.03030918,-0.03091829,-0.0314798,-0.03200214,-0.03249313,-0.03295998,-0.03280574,-0.03268689,-0.03260317,-0.03255418,-0.03253945,-0.03255839,-0.03261032,-0.0326945,-0.03281013,-0.03295631,-0.03209997,-0.03135222,-0.03070204,-0.030139,-0.02965327,-0.02923562,-0.02887736,-0.02857038,-0.02830707,-0.02808035,-0.0293062,-0.03044574,-0.03150712,-0.03249804,-0.03342575,-0.03429707,-0.03511839,-0.03589571,-0.03663463,-0.03734038,-0.03543706,-0.03370984,-0.0321378,-0.03070136,-0.0293822,-0.0281632,-0.02702842,-0.02596305,-0.02495337,-0.02398669,-0.02580977,-0.0274398,-0.02889376,-0.03018778,-0.03133712,-0.03235624,-0.03325877,-0.03405758,-0.03476476,-0.03539166,-0.03567894,-0.03592747,-0.0361439,-0.03633444,-0.03650481,-0.03666033,-0.03680586,-0.0369459,-0.03708454,-0.0372255,-0.03571847,-0.03434829,-0.03310163,-0.03196591,-0.03092927,-0.02998057,-0.0291093,-0.02830567,-0.02756049,-0.02686518,-0.02788028,-0.02880066,-0.02963567,-0.03039412,-0.03108433,-0.03171414,-0.03229087,-0.03282141,-0.03331217,-0.03376916,-0.03388141,-0.03399514,-0.03411208,-0.03423376,-0.03436157,-0.03449672,-0.03464031,-0.03479327,-0.03495643,-0.03513046,-0.03626153,-0.03733129,-0.0383493,-0.03932444,-0.04026492,-0.04117829,-0.04207154,-0.04295104,-0.04382263,-0.04469163,-0.04482488,-0.04502181,-0.04527912,-0.04559356,-0.0459619,-0.04638098,-0.0468477,-0.04735899,-0.04791189,-0.04850347,-0.04725165,-0.04617848,-0.04526301,-0.04448558,-0.04382774,-0.04327224,-0.04280297,-0.04240494,-0.04206419,-0.04176781,-0.04103019,-0.04035072,-0.03971469,-0.03910859,-0.03852,-0.03793756,-0.03735094,-0.03675076,-0.03612855,-0.03547673,-0.03456775,-0.03363354,-0.03266669,-0.03166067,-0.03060971,-0.02950879,-0.02835361,-0.02714051,-0.02586646,-0.02452899,-0.02605055,-0.02727885,-0.02824137,-0.02896414,-0.02947183,-0.02978777,-0.02993397,-0.02993116,-0.02979884,-0.0295553,-0.02988634,-0.03008751,-0.03018021,-0.03018438,-0.03011856,-0.02999991,-0.02984428,-0.02966627,-0.0294793,-0.02929562,-0.02665491,-0.02423019,-0.02200657,-0.01996978,-0.01810616,-0.01640264,-0.01484675,-0.0134266,-0.01213089,-0.01094885,-0.01029658,-0.009705104,-0.00916943,-0.008684802,-0.008246703,-0.007850854,-0.007493199,-0.007169907,-0.006877363,-0.006612161,-0.007370956,-0.00807345,-0.008726542,-0.009336688,-0.009909915,-0.01045183,-0.01096766,-0.01146224,-0.01194001,-0.0124051,-0.01233594,-0.01230201,-0.01230137,-0.01233208,-0.01239228,-0.01248012,-0.01259383,-0.01273166,-0.01289193,-0.01307299,-0.01321172,-0.0133729,-0.01355444,-0.01375437,-0.01397078,-0.01420188,-0.01444596,-0.01470138,-0.01496662,-0.01524021,-0.01614236,-0.01700206,-0.01782413,-0.01861308,-0.0193731,-0.02010811,-0.02082174,-0.02151735,-0.02219803,-0.02286664,-0.02107535,-0.01946679,-0.01801931,-0.01671263,-0.01552777,-0.01444696,-0.01345368,-0.01253254,-0.0116693,-0.01085076,-0.009912037,-0.009006532,-0.008122536,-0.007249338,-0.006377174,-0.005497187,-0.004601383,-0.003682583,-0.002734384,-0.001751116,-0.003734644,-0.00544092,-0.006895442,-0.008122397,-0.009144679,-0.009983932,-0.01066058,-0.01119385,-0.01160182,-0.01190145,-0.01169165,-0.0114365,-0.01114578,-0.01082853,-0.01049314,-0.01014731,-0.009798135,-0.009452103,-0.009115124,-0.008792566,-0.008709417,-0.00863283,-0.008568823,-0.008522831,-0.00849973,-0.008503876,-0.008539122,-0.008608851,-0.008716002,-0.008863094,-0.009503223,-0.01015225,-0.01081597,-0.01149955,-0.01220763,-0.01294426,-0.013713,-0.01451692,-0.01535863,-0.01624034,-0.01438392,-0.01278601,-0.01142068,-0.01026342,-0.00929112,-0.008482018,-0.007815664,-0.007272875,-0.006835703,-0.006487386,-0.006316974,-0.006197189,-0.0061156,-0.006060733,-0.006022025,-0.005989795,-0.005955193,-0.005910171,-0.005847439,-0.005760434,-0.00705217,-0.008199404,-0.009211211,-0.01009636,-0.01086331,-0.01152021,-0.01207491,-0.01253493,-0.01290751,-0.01319956,-0.01505266,-0.01671155
0.5538306,-1.374519,-3.132929,-4.730806,-6.177192,-7.480773,-8.649885,-9.692526,-10.61636,-11.43526,-12.14747,-12.75992,-13.27917,-13.71155,-14.06303,-14.33936,-14.54597,-14.68805,-14.77053,-14.79231,-14.76559,-14.69441,-14.5826,-14.43379,-14.25142,-14.0387,-13.79871,-13.53431,-13.24821,-12.94127,-12.61814,-12.281,-11.93192,-11.57279,-11.20541,-10.83145,-10.45245,-10.06985,-9.684977,-9.306056,-8.924844,-8.54258,-8.160409,-7.779387,-7.400478,-7.024566,-6.652456,-6.28488,-5.922499,-5.557837,-5.202257,-4.856002,-4.519273,-4.192231,-3.874999,-3.567663,-3.270281,-2.982876,-2.705446,-2.441633,-2.186461,-1.939962,-1.702141,-1.472982,-1.252449,-1.040483,-0.8370104,-0.6419405,-0.4551679,-0.2728121,-0.09979099,0.0641437,0.2192437,0.3657639,0.5039609,0.6340929,0.7564183,0.8711956,0.9786822,1.073028,1.162682,1.247721,1.32823,1.404298,1.47602,1.543495,1.606823,1.666111,1.721465,1.776769,1.82707,1.872588,1.913538,1.950129,1.982566,2.01105,2.035774,2.056928,2.074696,2.088156,2.098957,2.107234,2.113119,2.116741,2.118224,2.117689,2.115252,2.111025,2.105119,2.100063,2.092704,2.083206,2.07173,2.058427,2.043442,2.026913,2.008972,1.989744,1.969347,1.944664,1.920137,1.895777,1.871591,1.847588,1.823775,1.800159,1.776746,1.753542,1.730551,1.710383,1.689545,1.668117,1.64617,1.623775,1.600996,1.577894,1.554528,1.53095,1.507212,1.478613,1.451569,1.425985,1.401774,1.378847,1.357125,1.336528,1.316983,1.298419,1.280768,1.269292,1.256784,1.243338,1.229043,1.213985,1.198243,1.181893,1.165006,1.14765,1.129889,1.112351,1.094329,1.075894,1.057109,1.038036,1.018732,0.9992496,0.9796397,0.9599485,0.9402193,0.9193738,0.8989501,0.8789506,0.859377,0.8402299,0.8215089,0.8032132,0.7853405,0.7678886,0.750854,0.7325497,0.7152301,0.6988426,0.6833365,0.668663,0.6547753,0.6416288,0.6291804,0.6173891,0.6062154,0.5920411,0.5796352,0.5688618,0.5595916,0.551702,0.5450769,0.5396065,0.5351866,0.5317194,0.5291123,0.5267398,0.5252423,0.5245272,0.5245079,0.525103,0.526236,0.5278356,0.5298351,0.5321722,0.5347891,0.54565,0.5539456,0.559858,0.5635608,0.5652199,0.564993,0.5630305,0.5594755,0.5544639,0.5481244,0.5313514,0.5166439,0.5038489,0.4928209,0.483422,0.475521,0.4689936,0.4637224,0.4595959,0.4565092,0.4638403,0.4687779,0.4715036,0.4721902,0.471002,0.4680955,0.463619,0.4577131,0.4505112,0.4421393,0.4273001,0.4133747,0.400315,0.388075,0.37661,0.3658774,0.3558359,0.3464463,0.3376706,0.3294725,0.3205782,0.3126172,0.3055224,0.2992299,0.2936793,0.2888128,0.2845757,0.2809162,0.2777853,0.2751366,0.278809,0.280867,0.2814387,0.2806463,0.2786055,0.2754261,0.2712122,0.2660623,0.2600695,0.2533217,0.2461699,0.2383323,0.22989,0.2209192,0.2114914,0.2016736,0.1915285,0.1811149,0.1704872,0.1596965,0.1409176,0.1247584,0.1110354,0.0995738,0.09020674,0.08277553,0.07712913,0.07312405,0.07062405,0.06949994,0.07464659,0.07921547,0.08323984,0.08675167,0.08978172,0.09235959,0.0945136,0.096271,0.09765787,0.09869917,0.09731524,0.09635171,0.09577057,0.09553589,0.09561377,0.09597223,0.09658121,0.0974124,0.09843923,0.09963682,0.09940202,0.09983303,0.1008646,0.1024352,0.1044868,0.106965,0.1098186,0.1129995,0.1164628,0.1201664,0.1309889,0.1396107,0.1461945,0.1508954,0.1538609,0.1552313,0.1551397,0.1537125,0.1510694,0.1473238,0.1441464,0.1395402,0.1336454,0.1265939,0.1185104,0.1095121,0.09970931,0.08920567,0.07809828,0.06647807,0.05474949,0.04256315,0.03000201,0.01714332,0.004058923,-0.009184529,-0.02252533,-0.03590648,-0.04927548,-0.06258414,-0.07998003,-0.09579791,-0.1101203,-0.1230272,-0.1345958,-0.1449005,-0.1540134,-0.1620037,-0.1689382,-0.1748812,-0.1755712,-0.1768688,-0.1787077,-0.1810261,-0.1837655,-0.1868714,-0.1902928,-0.1939821,-0.1978948,-0.2019895,-0.2132165,-0.2221621,-0.2289921,-0.2338646,-0.2369304,-0.2383326,-0.2382074,-0.2366844,-0.233886,-0.2299287,-0.223303,-0.216286,-0.20893,-0.201284,-0.1933937,-0.1853022,-0.1770494,-0.1686727,-0.1602068,-0.151684,-0.1492084,-0.1446565,-0.1382264,-0.1301053,-0.1204698,-0.1094863,-0.09731128,-0.08409192,-0.06996622,-0.05506348,-0.03231062,-0.01147434,0.007544689,0.02484254,0.04051207,0.05464293,0.0673216,0.07863144,0.08865272,0.09746268,0.1036063,0.1092069,0.1142896,0.1188787,0.1229978,0.1266702,0.1299183,0.1327641,0.1352288,0.137333,0.1385802,0.1396828,0.1406449,0.1414705,0.142164,0.1427296,0.1431717,0.1434946,0.143703,0.1438011,0.1413021,0.1395537,0.1384893,0.1380461,0.1381649,0.1387897,0.1398677,0.1413494,0.1431882,0.1453403,0.1569608,0.1656712,0.1716971,0.1752532,0.1765435,0.1757614,0.1730903,0.1687038,0.1627661,0.1554323,0.1456708,0.1352001,0.1241167,0.1125107,0.1004664,0.08806254,0.07537253,0.06246463,0.0494022,0.03624393,0.01308044,-0.006668041,-0.02323896,-0.03685897,-0.04774419,-0.05610052,-0.06212395,-0.0660008,-0.06790809,-0.06801377,-0.06362378,-0.05871767,-0.05335683,-0.04759899,-0.04149828,-0.03510545,-0.02846797,-0.02163016,-0.01463333,-0.007515928,-0.001516071,0.004946747,0.01180778,0.01900643,0.02648611,0.03419401,0.04208102,0.05010149,0.0582131,0.06637675,0.07305214,0.08022454,0.08782069,0.09577219,0.1040152,0.1124903,0.1211424,0.1299203,0.1387766,0.1476678,0.1626137,0.1754454,0.1863015,0.1953147,0.202612,0.2083146,0.2125384,0.2153936,0.2169857,0.2174146,0.2202644,0.2209439,0.2196382,0.2165227,0.2117636,0.2055181,0.1979347,0.1891536,0.1793068,0.1685188,0.1545408,0.140657,0.1269029,0.1133108,0.09991018,0.08672771,0.07378734,0.06111051,0.04871625,0.03662139,0.01679311,4.309462e-05,-0.01384673,-0.02508434,-0.03386796,-0.04038624,-0.04481863,-0.04733562,-0.04809901,-0.04726222,-0.04226808,-0.03688047,-0.0311524,-0.02513354,-0.01887036,-0.01240627,-0.00578174,0.0009655681,0.007800683,0.0146912,0.02109182,0.02766645,0.03437506,0.04118047,0.04804823,0.05494652,0.06184603,0.06871978,0.0755431,0.08229343,0.094414,0.1045544,0.1128532,0.1194427,0.1244492,0.1279929,0.1301881,0.1311437,0.1309631,0.1297442,0.1287845,0.1265556,0.1231752,0.1187542,0.1133976,0.1072044,0.1002679,0.09267575,0.08451051,0.0758495,0.05941914,0.04514499,0.03288144,0.02248935,0.01383592,0.006794509,0.001244464,-0.002929052,-0.005835236,-0.007577812,-0.003614979,-0.0002668024,0.002510349,0.004758066,0.006515968,0.007821755,0.008711267,0.009218534,0.009375838,0.009213783,0.004945812,0.001719394,-0.0005481162,-0.001935214,-0.002516384,-0.002362227,-0.001539586,-0.0001116734,0.001861797,0.004324482,0.01185433,0.01818696,0.02340714,0.02759572,0.03082973,0.03318253,0.03472386,0.03551999,0.03563382,0.03512499,0.03581598,0.03539041,0.03394897,0.03158697,0.02839444,0.02445637,0.01985284,0.01465929,0.008946604,0.002781352,-0.01132515,-0.02318165,-0.03294831,-0.04077791,-0.04681598,-0.05120102,-0.05406473,-0.05553219,-0.05572212,-0.05474702,-0.04340185,-0.03428264,-0.02721973,-0.02205177,-0.01862546,-0.01679533,-0.01642343,-0.01737914,-0.01953888,-0.02278586,-0.03650396,-0.04784911,-0.05699353,-0.06410136,-0.06932882,-0.07282452,-0.07472965,-0.07517822,-0.07429729,-0.07220719,-0.06218771,-0.05351714,-0.04610264,-0.0398556,-0.03469153,-0.03052991,-0.02729413,-0.02491131,-0.02331225,-0.02243124,-0.02397766,-0.02551516,-0.02703837,-0.02854238,-0.0300227,-0.03147531,-0.03289657,-0.03428322,-0.03563236,-0.03694144,-0.04211283,-0.04590496,-0.04842723,-0.04978355,-0.05007254,-0.04938768,-0.04781751,-0.04544574,-0.04235148,-0.03860939,-0.03235533,-0.0262514,-0.02030481,-0.01452179,-0.008907674,-0.003466903,0.001796875,0.006880768,0.01178258,0.01650079,0.02434233,0.03086802,0.03617211,0.04034446,0.04347071,0.04563233,0.04690678,0.04736767,0.04708479,0.04612429,0.03998976,0.03485829,0.03065615,0.02731317,0.02476259,0.02294096,0.02178809,0.02124687,0.02126321,0.02178594,0.03103745,0.03787346,0.04248616,0.04505806,0.04576236,0.04476321,0.042216,0.0382677,0.03305713,0.02671525,0.01052527,-0.003533963,-0.01560476,-0.02582316,-0.03431908,-0.04121649,-0.04663358,-0.05068289,-0.05347151,-0.05510122,-0.0548034,-0.05383087,-0.05224587,-0.05010729,-0.04747075,-0.04438872,-0.04091065,-0.03708307,-0.0329497,-0.02855157,-0.01862731,-0.01032474,-0.00352671,0.001878433,0.005996971,0.00893,0.01077357,0.01161886,0.01155231,0.0106558,0.003659584,-0.002187659,-0.006968908,-0.01076324,-0.01364595,-0.01568864,-0.01695935,-0.01752266,-0.0174398,-0.01676877,-0.01455002,-0.01219669,-0.009728878,-0.007165367,-0.004523687,-0.00182017,0.0009300048,0.00371276,0.006515055,0.00932486,0.009100736,0.009898964,0.01162404,0.01418574,0.0174989,0.02148328,0.02606335,0.03116809,0.03673085,0.04268918,0.05134954,0.05948379,0.06710824,0.07423925,0.08089319,0.08708638,0.09283507,0.0981554,0.1030634,0.1075748,0.117728,0.1254566,0.130947,0.1343767,0.1359141,0.1357194,0.1339442,0.1307322,0.1262193,0.120534,0.1153155,0.1086413,0.1006619,0.09151956,0.08134808,0.07027316,0.05841285,0.04587775,0.03277139,0.01919045,0.00593271,-0.007867413,-0.02211182,-0.03670913,-0.05157445,-0.06662898,-0.08179982,-0.09701967,-0.1122265,-0.1273635,-0.1517504,-0.1727634,-0.1906259,-0.2055516,-0.2177446,-0.2274002,-0.2347042,-0.2398342,-0.242959,-0.2442392,-0.2459704,-0.245422,-0.2427924,-0.2382694,-0.232031,-0.2242454,-0.2150715,-0.204659,-0.193149,-0.1806742,-0.1594387,-0.140188,-0.1228064,-0.1071824,-0.09320933,-0.08078457,-0.06980985,-0.06019106,-0.05183813,-0.04466495,-0.03995545,-0.03579786,-0.03215621,-0.02899607,-0.02628451,-0.02399007,-0.02208274,-0.02053389,-0.01931624,-0.01840385,-0.02097636,-0.02271043,-0.02367496,-0.02393532,-0.02355343,-0.0225879,-0.02109414,-0.01912449,-0.0167283,-0.01395205,-0.009155879,-0.004640123,-0.0003954489,0.003587441,0.007317792,0.01080477,0.01405745,0.0170848,0.0198957,0.02249885,0.02510005,0.02744308,0.02954183,0.03140972,0.03305971,0.0345043,0.03575556,0.03682511,0.03772413,0.03846335,0.03706109,0.03620037,0.03583403,0.03591743,0.03640839,0.03726706,0.03845585,0.03993938,0.04168434,0.04365944,0.05368848,0.06120577,0.06640895,0.06948584,0.0706147,0.06996456,0.06769553,0.06395909,0.05889841,0.05264862,0.04582663,0.0378955,0.02898194,0.01920504,0.008676575,-0.002498677,-0.01422269,-0.02640388,-0.03895684,-0.05180209,-0.07450206,-0.09405728,-0.1106785,-0.1245673,-0.135916,-0.1449084,-0.1517195,-0.1565161,-0.1594569,-0.1606929,-0.1590308,-0.1563998,-0.1528907,-0.1485892,-0.1435765,-0.1379291,-0.131719,-0.125014,-0.1178779,-0.1103705,-0.1032532,-0.09563186,-0.0875753,-0.07914817,-0.07041091,-0.06141993,-0.05222779,-0.04288339,-0.03343212,-0.023916,-0.01581913,-0.00723788,0.00175376,0.01108669,0.02069647,0.03052315,0.04051106,0.05060857,0.06076799,0.07094529,0.09000903,0.105967,0.1190386,0.1294333,0.1373506,0.1429807,0.1465041,0.1480929,0.1479101,0.1461105,0.1425052,0.137683,0.1317654,0.1248673,0.1170966,0.1085552,0.09933878,0.08953706,0.07923422,0.06850901,0.05291978,0.03859409,0.02546738,0.01347715,0.002562992,-0.007333443,-0.01626846,-0.02429634,-0.0314694,-0.03783797,-0.04869019,-0.05704134
0.1852613,-0.3652458,-0.8749017,-1.345697,-1.779555,-2.178337,-2.543839,-2.877791,-3.181865,-3.458918,-3.708705,-3.932753,-4.132529,-4.309442,-4.464843,-4.600026,-4.716232,-4.814648,-4.89641,-4.961495,-5.012527,-5.050458,-5.076199,-5.090615,-5.094532,-5.088735,-5.073967,-5.050938,-5.020318,-4.982424,-4.938317,-4.888559,-4.833679,-4.774178,-4.710527,-4.643169,-4.572525,-4.498985,-4.42292,-4.346013,-4.266669,-4.185235,-4.102032,-4.017363,-3.931509,-3.844733,-3.757278,-3.669373,-3.581226,-3.49149,-3.402559,-3.31455,-3.22757,-3.141716,-3.057075,-2.973723,-2.891728,-2.811152,-2.732045,-2.655157,-2.579518,-2.505181,-2.432194,-2.360598,-2.290426,-2.221708,-2.154466,-2.08872,-2.024483,-1.961045,-1.899444,-1.83966,-1.78167,-1.72545,-1.670973,-1.61821,-1.567133,-1.51771,-1.469909,-1.424866,-1.38087,-1.337924,-1.296026,-1.255175,-1.215364,-1.176589,-1.138842,-1.102111,-1.066387,-1.030936,-0.9967794,-0.9638818,-0.9322065,-0.9017175,-0.8723791,-0.8441559,-0.817013,-0.7909158,-0.7658305,-0.7419339,-0.7188916,-0.696678,-0.6752676,-0.6546353,-0.6347566,-0.6156072,-0.5971631,-0.5794009,-0.5622976,-0.5453665,-0.5292516,-0.513917,-0.4993279,-0.4854508,-0.4722532,-0.459704,-0.4477729,-0.4364311,-0.4256503,-0.4160222,-0.4066338,-0.3974792,-0.3885527,-0.3798488,-0.3713619,-0.3630865,-0.355017,-0.3471483,-0.339475,-0.3314934,-0.3239136,-0.316715,-0.3098781,-0.303384,-0.2972148,-0.2913533,-0.2857829,-0.280488,-0.2754535,-0.2715737,-0.2675313,-0.2633415,-0.2590184,-0.2545758,-0.2500265,-0.2453828,-0.2406561,-0.2358575,-0.2309972,-0.2250659,-0.2195347,-0.2143806,-0.2095816,-0.205117,-0.2009666,-0.1971113,-0.1935332,-0.1902147,-0.1871395,-0.1841832,-0.1814867,-0.1790327,-0.1768043,-0.1747859,-0.1729625,-0.1713199,-0.1698446,-0.168524,-0.1673459,-0.1665132,-0.1657081,-0.1649272,-0.1641672,-0.1634252,-0.1626986,-0.1619847,-0.1612814,-0.1605866,-0.1598984,-0.1595372,-0.1590393,-0.1584134,-0.1576676,-0.15681,-0.155848,-0.154789,-0.1536399,-0.1524073,-0.1510977,-0.1504023,-0.1493439,-0.1479494,-0.146244,-0.1442522,-0.1419968,-0.1394997,-0.1367817,-0.1338623,-0.1307601,-0.1275957,-0.1242381,-0.1207061,-0.1170174,-0.1131891,-0.1092369,-0.1051757,-0.1010197,-0.0967821,-0.09247523,-0.08657642,-0.08129764,-0.07660151,-0.07245234,-0.06881598,-0.06565985,-0.06295283,-0.06066525,-0.05876886,-0.05723672,-0.05780916,-0.05792851,-0.05762635,-0.05693275,-0.05587636,-0.05448444,-0.0527829,-0.05079636,-0.0485482,-0.04606058,-0.04154085,-0.03761068,-0.03423272,-0.03137131,-0.02899241,-0.02706359,-0.02555395,-0.02443408,-0.02367602,-0.02325316,-0.02417682,-0.02493605,-0.02554025,-0.02599845,-0.0263193,-0.02651114,-0.02658196,-0.02653942,-0.02639084,-0.02614324,-0.02604046,-0.02574875,-0.02528159,-0.0246518,-0.02387161,-0.02295263,-0.0219059,-0.02074192,-0.01947064,-0.01810148,-0.01551761,-0.01334247,-0.01154918,-0.01011213,-0.00900689,-0.008210229,-0.007700028,-0.007455263,-0.007455967,-0.007683186,-0.008067627,-0.008665881,-0.009460235,-0.01043392,-0.0115711,-0.01285679,-0.01427686,-0.01581798,-0.01746761,-0.01921393,-0.02255233,-0.02531125,-0.02752759,-0.02923659,-0.03047188,-0.03126558,-0.03164826,-0.03164908,-0.03129577,-0.03061473,-0.0286709,-0.02686543,-0.02519119,-0.02364129,-0.02220912,-0.02088832,-0.01967278,-0.01855665,-0.0175343,-0.01660035,-0.01615218,-0.01560739,-0.01497371,-0.0142585,-0.01346873,-0.012611,-0.01169154,-0.01071628,-0.00969079,-0.008620331,-0.007812193,-0.006837354,-0.005709576,-0.004441901,-0.003046676,-0.001535584,8.033411e-05,0.001790653,0.003585537,0.005455719,0.008716287,0.01145996,0.01372004,0.01552829,0.01691504,0.01790919,0.01853823,0.01882838,0.01880453,0.01849035,0.0182075,0.01754808,0.01654156,0.01521588,0.01359754,0.01171161,0.009581814,0.007230575,0.004679065,0.001947255,-0.0008849021,-0.003887386,-0.007041643,-0.01033022,-0.01373672,-0.01724576,-0.02084292,-0.02451469,-0.02824846,-0.03203244,-0.03665781,-0.04096362,-0.04496521,-0.04867741,-0.05211455,-0.05529043,-0.05821839,-0.06091126,-0.0633814,-0.06564068,-0.06687329,-0.06827696,-0.0698366,-0.07153795,-0.07336755,-0.07531265,-0.07736126,-0.07950205,-0.08172438,-0.08401825,-0.08771162,-0.09087718,-0.09354805,-0.09575593,-0.09753105,-0.09890228,-0.09989712,-0.1005418,-0.1008612,-0.1008792,-0.1003082,-0.0996144,-0.09880844,-0.09790046,-0.09690004,-0.09581619,-0.09465742,-0.09343175,-0.09214669,-0.09080933,-0.0905887,-0.08982351,-0.08855555,-0.08682454,-0.08466812,-0.08212195,-0.07921981,-0.07599364,-0.07247362,-0.06868826,-0.06328773,-0.05827232,-0.0536232,-0.04932223,-0.04535188,-0.04169527,-0.03833612,-0.03525875,-0.03244809,-0.02988965,-0.02786214,-0.02593237,-0.02409657,-0.02235107,-0.02069227,-0.01911668,-0.0176209,-0.01620163,-0.01485563,-0.0135798,-0.01246993,-0.0113813,-0.01031413,-0.009268575,-0.008244734,-0.007242662,-0.006262369,-0.00530382,-0.004366942,-0.003451627,-0.003034496,-0.002431437,-0.001657016,-0.0007250588,0.0003513246,0.001559714,0.002888349,0.004326109,0.005862485,0.00748756,0.01095177,0.01372179,0.01584382,0.01736194,0.01831813,0.01875234,0.01870262,0.0182051,0.01729411,0.01600226,0.01413498,0.01204497,0.009752963,0.007278521,0.004640104,0.001855097,-0.001060142,-0.004090231,-0.007220732,-0.0104381,-0.01563634,-0.02006834,-0.02378207,-0.02682338,-0.02923605,-0.03106188,-0.03234071,-0.03311051,-0.03340746,-0.03326595,-0.03217269,-0.03094204,-0.02958657,-0.02811819,-0.02654811,-0.0248869,-0.02314451,-0.0213303,-0.01945307,-0.01752108,-0.01577217,-0.01388347,-0.01186889,-0.00974153,-0.007513725,-0.005197084,-0.002802512,-0.0003402473,0.002180112,0.004749581,0.007071911,0.009552185,0.01217418,0.01492259,0.01778303,0.02074197,0.02378671,0.02690531,0.03008663,0.03332021,0.037756,0.04172124,0.04524336,0.04834865,0.05106228,0.05340833,0.05540982,0.05708873,0.05846607,0.05956188,0.06106286,0.06202947,0.06249969,0.06250966,0.06209374,0.06128456,0.06011308,0.05860867,0.05679915,0.05471085,0.05191603,0.04908757,0.0462337,0.04336202,0.04047959,0.03759294,0.03470812,0.03183069,0.02896574,0.02611798,0.02175167,0.01807994,0.01505863,0.01264558,0.01080053,0.009485083,0.008662637,0.008298343,0.008359031,0.00881316,0.01014792,0.01159297,0.01313734,0.01477068,0.01648326,0.01826593,0.02011007,0.02200762,0.023951,0.02593313,0.02784878,0.02983324,0.03187768,0.03397386,0.03611401,0.0382909,0.04049775,0.04272827,0.04497656,0.04723716,0.05055057,0.05341216,0.05584996,0.05789079,0.05956023,0.06088273,0.0618816,0.06257904,0.06299621,0.06315325,0.0632998,0.06312341,0.0626485,0.06189824,0.06089461,0.05965846,0.05820955,0.05656654,0.0547471,0.05276792,0.04923893,0.04619166,0.04359655,0.04142531,0.03965091,0.03824752,0.03719053,0.03645641,0.03602276,0.03586826,0.0368606,0.03770662,0.03841548,0.03899596,0.03945642,0.03980483,0.04004884,0.04019568,0.04025228,0.0402252,0.03939054,0.03880168,0.03844165,0.03829428,0.03834418,0.03857672,0.03897798,0.03953477,0.04023455,0.04106545,0.04290244,0.04446357,0.04576622,0.04682699,0.04766175,0.04828563,0.04871307,0.04895781,0.04903293,0.04895089,0.04906146,0.04889106,0.04846083,0.04779082,0.04690009,0.04580669,0.04452772,0.04307938,0.04147698,0.03973499,0.03642206,0.033624,0.03130821,0.02944351,0.02800016,0.02694979,0.02626534,0.02592104,0.02589238,0.02615603,0.02847174,0.03026224,0.03156274,0.03240683,0.03282651,0.03285224,0.03251301,0.03183636,0.03084845,0.02957409,0.02622001,0.02341484,0.02112342,0.01931217,0.01794906,0.01700353,0.01644649,0.01625021,0.01638833,0.0168358,0.01887661,0.02061207,0.02206125,0.0232424,0.02417295,0.02486952,0.02534799,0.02562346,0.02571036,0.02562237,0.02503351,0.02444252,0.02385064,0.02325904,0.0226688,0.02208089,0.02149623,0.02091564,0.0203399,0.01976967,0.01845839,0.01747852,0.01680743,0.01642356,0.01630638,0.01643635,0.01679491,0.01736443,0.01812819,0.0190703,0.02054593,0.02200979,0.02345989,0.02489443,0.02631178,0.02771046,0.02908917,0.03044674,0.03178214,0.03309446,0.03501594,0.03663782,0.03797915,0.03905811,0.03989206,0.04049756,0.04089038,0.04108556,0.04109738,0.04093946,0.03975225,0.03879959,0.03806609,0.03753707,0.03719853,0.03703712,0.03704014,0.03719551,0.03749173,0.0379179,0.0400464,0.04159689,0.04260908,0.04312081,0.04316808,0.04278515,0.04200457,0.04085726,0.03937252,0.03757819,0.03380888,0.03051635,0.02767179,0.02524759,0.02321738,0.02155595,0.02023921,0.0192442,0.018549,0.01813274,0.01814114,0.01831774,0.0186497,0.01912482,0.01973155,0.02045893,0.02129657,0.02223466,0.02326394,0.02437563,0.02657567,0.02840136,0.02987678,0.03102492,0.03186772,0.0324261,0.03271998,0.03276834,0.03258922,0.03219976,0.03059299,0.02925231,0.02816067,0.0273018,0.02666018,0.02622101,0.02597017,0.02589425,0.02598044,0.02621662,0.02678537,0.02739724,0.02804787,0.02873313,0.02944914,0.03019225,0.03095904,0.03174631,0.03255103,0.03337039,0.03362186,0.03413489,0.03488922,0.03586565,0.03704596,0.03841288,0.03995007,0.04164208,0.04347431,0.04543296,0.04795762,0.05038679,0.05272298,0.05496869,0.05712641,0.05919866,0.06118792,0.06309668,0.06492741,0.06668255,0.06951702,0.07177986,0.07350915,0.07474115,0.07551043,0.07584991,0.07579088,0.07536312,0.07459491,0.07351306,0.07243353,0.0709637,0.06913538,0.06697872,0.06452226,0.061793,0.05881643,0.05561662,0.05221629,0.04863682,0.04503374,0.04123173,0.03725275,0.03311746,0.02884527,0.02445437,0.01996185,0.01538366,0.01073475,0.006029037,-0.0005139409,-0.006309287,-0.01140132,-0.01583248,-0.01964338,-0.02287284,-0.02555798,-0.02773422,-0.02943537,-0.03069366,-0.03194988,-0.03264498,-0.03281946,-0.03251185,-0.03175873,-0.03059484,-0.02905315,-0.02716487,-0.02495958,-0.02246525,-0.01819261,-0.01434102,-0.01088708,-0.007808326,-0.005083214,-0.002691064,-0.0006120596,0.001172776,0.002681607,0.003931802,0.004678525,0.005312673,0.005841275,0.00627105,0.006608419,0.00685951,0.007030168,0.007125965,0.007152207,0.007113944,0.006402783,0.005902948,0.00559978,0.005479319,0.005528281,0.005734036,0.006084586,0.006568539,0.007175092,0.007894006,0.009037769,0.01013502,0.01118708,0.01219523,0.0131608,0.01408508,0.01496936,0.0158149,0.01662298,0.01739484,0.01816945,0.01889388,0.01957048,0.02020155,0.02078928,0.02133581,0.02184318,0.02231337,0.02274829,0.02314978,0.0231384,0.0232627,0.02351251,0.02387816,0.02435047,0.02492074,0.02558072,0.0263226,0.02713898,0.02802289,0.03047053,0.03231983,0.03361146,0.03438419,0.03467494,0.03451881,0.03394921,0.03299784,0.0316948,0.03006866,0.02824015,0.02610048,0.0236768,0.02099477,0.01807863,0.01495125,0.01163424,0.008147909,0.004511405,0.0007427111,-0.004985329,-0.01001149,-0.01437806,-0.01812548,-0.02129246,-0.02391597,-0.02603133,-0.02767224,-0.02887084,-0.02965776,-0.02980642,-0.02971142,-0.02939121,-0.02886331,-0.02814434,-0.02725004,-0.02619532,-0.0249943,-0.0236603,-0.02220592,-0.02077805,-0.0191942,-0.0174691,-0.01561664,-0.01364992,-0.01158127,-0.00942229,-0.007183889,-0.004876297,-0.002509109,-0.0003678757,0.001935758,0.004385385,0.006965542,0.009661675,0.0124601,0.01534796,0.01831319,0.02134449,0.02443129,0.02926858,0.03340141,0.03687399,0.03972856,0.04200546,0.04374318,0.04497843,0.04574617,0.04607969,0.04601065,0.04550498,0.04468334,0.04357089,0.04219145,0.04056761,0.03872075,0.03667105,0.03443762,0.03203845,0.02949053,0.0259458,0.02265883,0.01961702,0.01680815,0.01422049,0.01184268,0.009663803,0.007673335,0.005861155,0.004217529,0.001730404,-0.0001707703
